1.000000000000000000e+00 5.364729179382041302e+00 5.531272902605183006e+00 2.252339493962494998e+00 4.800804648950794729e+00 5.272736966010901583e+00 2.802723130646063709e-01
1.000000000000000000e+00 5.245978257826596547e+00 4.883552784775906375e+00 1.060783857386934148e+00 3.042277907042413077e+00 5.237738165273682078e+00 2.116906867100256939e-01
1.000000000000000000e+00 3.447124818215702380e+00 3.437855968366921644e+00 1.259178995598645212e+00 1.283402160829177019e+00 3.151732661861002427e+00 1.643197103970408524e-01
1.000000000000000000e+00 1.197134056842529493e+00 1.696226855587975813e+00 2.764792517261782656e+00 1.967176714782412850e+00 4.176616733541605342e+00 1.167753661590639425e+00
1.000000000000000000e+00 5.577441487940209441e+00 1.109116983877447504e+00 1.341766001549792975e+00 2.486436021406632335e+00 3.798723306668374988e+00 1.666574505288712371e-01
1.000000000000000000e+00 1.169729892928994097e+00 4.318948430877945555e+00 4.918799212420536193e+00 2.149968769816202663e+00 5.289674569986644315e+00 1.171336522123962665e+00
1.000000000000000000e+00 4.487101336234199600e+00 5.816972171067751773e+00 2.428791622963530017e+00 3.056519860331156302e+00 4.334637237293403444e+00 1.500761408150743936e-01
1.000000000000000000e+00 2.486745036862753722e+00 3.800840917309209921e+00 3.163834397996313275e+00 2.202657925900743496e+00 3.176981616998757030e+00 1.835784765189825141e-01
1.000000000000000000e+00 5.721332445567169245e+00 3.093966595370806871e+00 1.282928280733578230e+00 4.365460654556084563e+00 5.650826014312750445e+00 2.697843539425944792e-01
1.000000000000000000e+00 3.371071083287318970e+00 2.300788954810255582e+00 2.869605235064067728e+00 5.121752236246747358e+00 3.637939866360828223e+00 3.549551276122278054e-01
1.000000000000000000e+00 2.595502366216278389e+00 2.282650312221238931e+00 4.357395743336034855e+00 4.689754736987961081e+00 4.630424257419252676e+00 5.497484063232217499e-01
1.000000000000000000e+00 1.185038173577463105e+00 1.990488163798700638e+00 1.994960694797184075e+00 4.356354126145662420e+00 2.513875641359835988e+00 7.264887539210370671e-01
1.000000000000000000e+00 1.602834428886394047e+00 5.860026648157685258e+00 1.506864487765795735e+00 5.962908977438816649e+00 4.002915984935680349e+00 4.185959291763073353e-01
1.000000000000000000e+00 1.384766008146045779e+00 4.042636363482333017e+00 2.389263880448561306e+00 1.781007539652996297e+00 1.831276651748503070e+00 2.689587581934782534e-01
1.000000000000000000e+00 4.481443879390698548e+00 2.747531860434094142e+00 2.381595542329268067e+00 5.942104969817405546e+00 2.898687024108243637e+00 1.715604390551722369e-01
1.000000000000000000e+00 2.699374818840330814e+00 1.570478924439666857e+00 3.160094637972529874e+00 5.886399662832236146e+00 4.085971135584833824e+00 6.834862109743328196e-01
1.000000000000000000e+00 1.326781703994711847e+00 2.126584649756175338e+00 1.337512733419109701e+00 4.297114810409987662e+00 4.638155688498443396e+00 6.813612721230843938e-01
1.000000000000000000e+00 2.576451689153051561e+00 2.254833306701490070e+00 3.593504971902975242e+00 3.889035251255423375e+00 5.613018785469789051e+00 7.344334098963888335e-01
1.000000000000000000e+00 3.697456461876686085e+00 5.253080289205689368e+00 1.896823410061052151e+00 5.330507726889173625e+00 4.811060291570885106e+00 3.855995430542072944e-01
1.000000000000000000e+00 2.593762514660349794e+00 3.616954556871831983e+00 1.566517523637320997e+00 3.338406062424385201e+00 1.960116845681722619e+00 2.072449522941872124e-01
1.000000000000000000e+00 4.129456882185045252e+00 1.573844359346087352e+00 3.018005011807955995e+00 4.096949846832509401e+00 4.333428259462564824e+00 1.155491317763595732e-01
1.000000000000000000e+00 2.164797373768168942e+00 1.338341809500007917e+00 3.113643184469661485e+00 2.651423337510422140e+00 3.448929339941203764e+00 4.873860096517890206e-01
1.000000000000000000e+00 1.122003907782690213e+00 4.539175486148843142e+00 2.732620839763590936e+00 3.821159083422680069e+00 3.643283019946378154e+00 7.138387552008615966e-01
1.000000000000000000e+00 1.106347054251935802e+00 1.408626728733891387e+00 2.321381315793196620e+00 2.007641890031564458e+00 3.596563463211515987e+00 1.325421696744659039e+00
1.000000000000000000e+00 3.644685670136059930e+00 3.423481435650234772e+00 3.415198487794449900e+00 4.445438268741148669e+00 5.025871986801884184e+00 3.469016117792058096e-01
1.000000000000000000e+00 3.009654568046210787e+00 3.058827707922542771e+00 1.384897335324831502e+00 1.200694295426832703e+00 2.383770659756542898e+00 1.341092338975502229e-01
1.000000000000000000e+00 3.399378101519544337e+00 4.254867335754770608e+00 1.377918069270335000e+00 5.449566881814312147e+00 3.790855919452203793e+00 2.961647334052677771e-01
1.000000000000000000e+00 5.368385570931693884e+00 1.311365529409428188e+00 2.486453951536668150e+00 2.470337310883889081e+00 5.664338450633165323e+00 1.171820565962852501e-01
1.000000000000000000e+00 5.920417345996475511e+00 3.562513243851658462e+00 1.460334930412377163e+00 2.051592781428968060e+00 5.613225698017860310e+00 2.214327638774643559e-01
1.000000000000000000e+00 3.106785011385350792e+00 1.259782887771342175e+00 4.242524100593440650e+00 5.327811915861017766e+00 4.685662069783194994e+00 4.155692822497372707e-01
1.000000000000000000e+00 2.193885728841511451e+00 2.006818910679871948e+00 1.075553421072375171e+00 1.629775981896791404e+00 3.373845030218256102e+00 2.431097053719818990e-01
1.000000000000000000e+00 1.552370565656973289e+00 2.293104174440193876e+00 5.825076847272359082e+00 5.895757775503078335e+00 2.681616971351667544e+00 7.330974573268043137e-01
1.000000000000000000e+00 2.773110788203882571e+00 1.823531767161479467e+00 2.254465228455512449e+00 4.369194491350023135e+00 5.602679425512773648e+00 6.534492661089438270e-01
1.000000000000000000e+00 2.168038755249549698e+00 3.596929297519686486e+00 4.050037085397428349e+00 4.382418747603022524e+00 4.703317905333129545e+00 7.088541998724302573e-01
1.000000000000000000e+00 1.210465948181809415e+00 2.024406370753562889e+00 2.564536971068241300e+00 3.971209136542985796e+00 3.425089937620206193e+00 9.872792775575875979e-01
1.000000000000000000e+00 1.089369673667069049e+00 5.389150390760204523e+00 2.355481268820328822e+00 4.015750600614735433e+00 1.427015150813608191e+00 3.973507062497420583e-01
1.000000000000000000e+00 4.398236413465348882e+00 3.256196720904940278e+00 1.529529022018788265e+00 2.379613471902734201e+00 2.183048913537536606e+00 1.393257874587252275e-02
1.000000000000000000e+00 2.091269439325320612e+00 5.924948280704375847e+00 1.774143062988599251e+00 4.842906654566010438e+00 3.417490425534019050e+00 3.785415586535735288e-01
1.000000000000000000e+00 3.087903878924641798e+00 3.319656884061664037e+00 2.013163170676715907e+00 4.126650849772269147e+00 5.187362598093872457e+00 4.515564385252823221e-01
1.000000000000000000e+00 1.835169730460376236e+00 4.283900523621470668e+00 1.076974458456542383e+00 4.029984836355127165e+00 1.309732592894939707e+00 1.808123044486165953e-01
1.000000000000000000e+00 4.038683974394295717e+00 2.018832295638445462e+00 2.995176588212173474e+00 3.392641849597612502e+00 5.170820541042206564e+00 2.783807221737277238e-01
1.000000000000000000e+00 2.153349058588793330e+00 2.435689790422877810e+00 1.942703028746255667e+00 2.659857523679227231e+00 1.225756822061459861e+00 1.379730787242519074e-01
1.000000000000000000e+00 1.882640160027541310e+00 4.964272095169196319e+00 4.362302490125143706e+00 3.326684669697430152e+00 3.189499435714561404e+00 3.815211188786021834e-01
1.000000000000000000e+00 1.932191310721272703e+00 4.172912087751519117e+00 1.509465504364683852e+00 1.407993600024191938e+00 2.312041882446509433e+00 2.003762823567731277e-01
1.000000000000000000e+00 4.897922367833766444e+00 4.989570798079470570e+00 1.041599711135960060e+00 2.292957955673919912e+00 3.108563087629582000e+00 1.335283314937600885e-01
1.000000000000000000e+00 1.289213382816981834e+00 5.575450342035216167e+00 1.463127415256836095e+00 4.156876630241255199e+00 3.245392570674379584e+00 3.646926213521235471e-01
1.000000000000000000e+00 1.869476246097436345e+00 2.583808385337633240e+00 3.172016595033048780e+00 4.319122374263625552e+00 1.533118094682989430e+00 2.929072055055886303e-01
1.000000000000000000e+00 1.769479531699275299e+00 5.917607363576109947e+00 4.066458424436895314e+00 3.884406006556042179e+00 5.831371488740929365e+00 9.132352549558733212e-01
1.000000000000000000e+00 2.122202859183303314e+00 2.010078342012449948e+00 2.210110399904386291e+00 3.501392676038801888e+00 5.325355496876968964e+00 6.971710780504623006e-01
1.000000000000000000e+00 3.684872114467067750e+00 5.469948550039352320e+00 1.456957431658882030e+00 1.449384258680803228e+00 4.504328486219399963e+00 2.328258065834939161e-01
1.000000000000000000e+00 3.964699674208515656e+00 4.271462761624809090e+00 1.996351682334004174e+00 4.004560028295430563e+00 2.426029013402070333e+00 1.331924341784732069e-01
1.000000000000000000e+00 1.457434186988774361e+00 3.201617091841745033e+00 4.693615753632832011e+00 5.586340332888402926e+00 3.278247747199387163e+00 9.568043548061517800e-01
1.000000000000000000e+00 5.387304313151902058e+00 4.076490125349010007e+00 1.068727770056726367e+00 3.032952686797361075e+00 3.410086698884662759e+00 1.515517217243526338e-01
1.000000000000000000e+00 2.328000212943530212e+00 1.417320424946916457e+00 2.241881301849001140e+00 1.716407293513205534e+00 4.788882801875789852e+00 5.766786197695477068e-01
1.000000000000000000e+00 1.647574606414020870e+00 5.412081842036693402e+00 2.072032414965822689e+00 4.573594167510179886e+00 2.409591777986258343e+00 3.933193484917216765e-01
1.000000000000000000e+00 5.778257491148766967e+00 3.526033867883191064e+00 2.237798851399432021e+00 3.627351536779465757e+00 5.623208955643183238e+00 2.157698154112888400e-01
1.000000000000000000e+00 5.310638086327252871e+00 5.835633076295851929e+00 1.312631478714228805e+00 4.489163927525850362e+00 1.281121474254861337e+00 2.494952945332567715e-02
1.000000000000000000e+00 1.434933799557050804e+00 4.173356366269707074e+00 4.364358342990398931e+00 4.398165911975717712e+00 3.732035371060660189e+00 8.610015360282244901e-01
1.000000000000000000e+00 3.042266065353493421e+00 1.829774476478924994e+00 1.405745892681195652e+00 5.729623220160432240e+00 2.248720896146775949e+00 2.934273455396420593e-01
1.000000000000000000e+00 4.416293818297980067e+00 4.596768111845793037e+00 2.001410089338129694e+00 3.967306913523619194e+00 5.818425943435245884e+00 3.720654865412884038e-01
1.000000000000000000e+00 1.380654297451501034e+00 5.451290265089010489e+00 4.083918039262705690e+00 1.081217216047268614e+00 2.884930836434208334e+00 3.246810885153371129e-01
1.000000000000000000e+00 3.402932886633240006e+00 1.937059720487911196e+00 3.607245120834400520e+00 4.325279945033155826e+00 4.415571428615232996e+00 2.439465875234077541e-01
1.000000000000000000e+00 3.962038923297587889e+00 5.290885265785819414e+00 1.342293596667890387e+00 3.782892142510766664e+00 5.662833543529804281e+00 3.037256629586725931e-01
1.000000000000000000e+00 3.828659819978955436e+00 2.571750565918741849e+00 3.691659716278567149e+00 5.157591665561117367e+00 4.831736065523261736e+00 2.134656717470263532e-01
1.000000000000000000e+00 2.335141350847106612e+00 3.355839494664073275e+00 2.344267571910967796e+00 5.591987710407789969e+00 3.032082682870093304e+00 4.639783696142890657e-01
1.000000000000000000e+00 5.404353795994642162e+00 2.739707057910833132e+00 1.320031733043104616e+00 5.255753677129908930e+00 4.782255439944559150e+00 2.703453304243754740e-01
1.000000000000000000e+00 1.146236415172795731e+00 4.744131684816532690e+00 2.461915552060965684e+00 3.828724753066445885e+00 2.128947760753145513e+00 4.786145648003927722e-01
1.000000000000000000e+00 1.644349337367225994e+00 4.104642837392155741e+00 1.109566643875044889e+00 1.425281927446205632e+00 1.201669260692259877e+00 1.175197971701491262e-01
1.000000000000000000e+00 2.675594271295709703e+00 2.761874733048272024e+00 2.505230389171565264e+00 3.744364007712998710e+00 2.630851270641267448e+00 2.837413735046668273e-01
1.000000000000000000e+00 1.803799480241540909e+00 3.356435836990822708e+00 1.280880386737194954e+00 4.035676404417884555e+00 1.739791670547029323e+00 2.409586173145457089e-01
1.000000000000000000e+00 1.031929358584168011e+00 4.380887810377170233e+00 4.822203640377521694e+00 2.574592222944478870e+00 2.017674369434482085e+00 4.808603439047061112e-01
1.000000000000000000e+00 2.435190665874563898e+00 2.625520077158495003e+00 3.048355266879963388e+00 1.483224171438761285e+00 4.845305665798621320e+00 4.659973063171212737e-01
1.000000000000000000e+00 5.905930890137117473e+00 1.348205740812028708e+00 2.301182989926146671e+00 5.936680792897729653e+00 3.827079698762689830e+00 2.238461205005525326e-03
1.000000000000000000e+00 2.299017905320798860e+00 5.278686294528931455e+00 1.802313071356132168e+00 3.659358832525082761e+00 1.172156542866572781e+00 1.741663676330970634e-01
1.000000000000000000e+00 4.170028515498056976e+00 2.135897785117574443e+00 1.352459728215723356e+00 5.368092643686076748e+00 3.229127749135080716e+00 2.619093144978347776e-01
1.000000000000000000e+00 3.699926898579277257e+00 5.185205626214700381e+00 1.928233524506214991e+00 5.977844502453439013e+00 5.083276216008117743e+00 4.202441944475175939e-01
1.000000000000000000e+00 2.709360830193430658e+00 2.063221881855480611e+00 2.445937231479748952e+00 4.362536313368245544e+00 5.147829157141843304e+00 6.188274983682052754e-01
1.000000000000000000e+00 5.660140527550087342e+00 2.519732006203619257e+00 2.249784731988106135e+00 2.576197173247253946e+00 5.676972448338993615e+00 1.709545239237113545e-01
1.000000000000000000e+00 1.512548639953396279e+00 4.265813952656414720e+00 3.575028298548615702e+00 1.666049620683143440e+00 4.757116587656513573e+00 7.064072344197961373e-01
1.000000000000000000e+00 1.339185295525859409e+00 4.830323882676513136e+00 2.768945793682179968e+00 3.892462541146650246e+00 2.817019659997134884e+00 5.494494283224058417e-01
1.000000000000000000e+00 2.504817834734081039e+00 4.942236716266493524e+00 5.142777989530406657e+00 4.467110640281545031e+00 5.690905862623612421e+00 6.370348225469950609e-01
1.000000000000000000e+00 1.336753007343858490e+00 2.301434287830014913e+00 2.538979158403728231e+00 4.767360553297983472e+00 2.660862610308662557e+00 7.316702468009013138e-01
1.000000000000000000e+00 4.104577588837385882e+00 3.802203154902199955e+00 2.633712710150204028e+00 4.651245947647855594e+00 5.647017419245768721e+00 4.306175220268050885e-01
1.000000000000000000e+00 1.228710169062564361e+00 1.554947346067405256e+00 2.772124743965274085e+00 4.095863676829183397e+00 2.024012045281047278e+00 8.399256436486228772e-01
1.000000000000000000e+00 4.748259158714623673e+00 3.733241100938942125e+00 1.512839812917949001e+00 3.215168531688096909e+00 2.936115706051034557e+00 1.451350863349099851e-01
1.000000000000000000e+00 1.650431200653159847e+00 2.902002744852048011e+00 2.963653716357081080e+00 4.085529722143281361e+00 2.413827285300492953e+00 5.025957264153322335e-01
1.000000000000000000e+00 1.122934582294007555e+00 1.553602966631578486e+00 3.515662362757700166e+00 1.981228583530828313e+00 5.914734397773504071e+00 2.875722273522970163e+00
1.000000000000000000e+00 1.110617757644986270e+00 3.112742141559722953e+00 1.969315339684463373e+00 1.627748949492385577e+00 4.213887067399639363e+00 6.025901170150469444e-01
1.000000000000000000e+00 2.618051095747706114e+00 1.210123375857026451e+00 5.294083855840773012e+00 5.817399737371637514e+00 4.588380788967498347e+00 4.537654613623696154e-01
1.000000000000000000e+00 2.368133331408329489e+00 2.461091152309488717e+00 3.196053006248586570e+00 1.430160785164716009e+00 5.347668359074898348e+00 5.590387096297436686e-01
1.000000000000000000e+00 3.130906511179864626e+00 4.769809517983919278e+00 1.801827030598715851e+00 1.527417137305178363e+00 5.738430885321397668e+00 3.600453463326779291e-01
1.000000000000000000e+00 1.818119105958345916e+00 1.090032778002272495e+00 1.896266278696403740e+00 3.721724438171605698e+00 2.631102534904657730e+00 6.455617393519139657e-01
1.000000000000000000e+00 4.468411128907443519e+00 4.633354960351616647e+00 2.147990803769843193e+00 4.188870709227957789e+00 2.968775707827033372e+00 1.060621711037312842e-01
1.000000000000000000e+00 2.103848063943801971e+00 2.523755476930666486e+00 1.587756500751099864e+00 5.100337510278246889e+00 4.041056883832233382e+00 4.689316351948411010e-01
1.000000000000000000e+00 1.411905228079213481e+00 5.146973324294235042e+00 1.826422450714787260e+00 1.207894799232968719e+00 3.222867505347142725e+00 3.261283807727282102e-01
1.000000000000000000e+00 4.402496510373565819e+00 2.407605992074649759e+00 1.009960676095351229e+00 3.490649717740212044e+00 4.711849685448909142e+00 2.281975956172508369e-01
1.000000000000000000e+00 1.755289458904501165e+00 3.703492383224551432e+00 1.806814005276918600e+00 4.068189514946919161e+00 3.371543324342151315e+00 4.239702863291671675e-01
1.000000000000000000e+00 3.161674005213009675e+00 1.482672350977204179e+00 1.417771687553448734e+00 5.489676467218684408e+00 1.840100260963392742e+00 2.664855720757179913e-01
1.000000000000000000e+00 5.718079600837993937e+00 2.209469141294194916e+00 1.095644832186434936e+00 5.049622101514496642e+00 2.773986448281943407e+00 1.663548133846131094e-01
1.000000000000000000e+00 3.098636584630611424e+00 1.062020181386573947e+00 1.828740884826103530e+00 3.915651095497917566e+00 2.999915091467842743e+00 3.631076177348214751e-01
1.000000000000000000e+00 2.987971989813971163e+00 2.506326303800001654e+00 2.207684208508408741e+00 2.824112351038993385e+00 3.916536240921022483e+00 3.443362408596951085e-01
1.000000000000000000e+00 2.371076011743350254e+00 3.991787421488794063e+00 2.771356636086078407e+00 4.204827640493788543e+00 5.421717139856437662e+00 6.386866103584608600e-01
1.000000000000000000e+00 3.046670031575215098e+00 2.499595557534923351e+00 2.111806523740851205e+00 1.949680682287804556e+00 3.989040067007570300e+00 3.013981505704955710e-01
1.000000000000000000e+00 2.149773029455430695e+00 1.240714179891767355e+00 4.038763415478262786e+00 3.782323186744109833e+00 3.096673402096441485e+00 3.901925802146440914e-01
1.000000000000000000e+00 2.065523520125416290e+00 5.514474975959935854e+00 2.226761570831055081e+00 2.793107909767956976e+00 4.505487936821349848e+00 4.538206876039140303e-01
1.000000000000000000e+00 1.155670414422556913e+00 5.261319371955907265e+00 1.288660796125586039e+00 5.556695950393153893e+00 3.053657717455060094e+00 3.710433940424173738e-01
1.000000000000000000e+00 1.927627578515605844e+00 2.197550849547690532e+00 3.784392215860479247e+00 2.656761093681585084e+00 2.841250536975665320e+00 2.945887959778601961e-01
1.000000000000000000e+00 4.131101608157076832e+00 3.607228445217947055e+00 1.858469538527247833e+00 5.673649577441504555e+00 3.910350655621117610e+00 3.264246241162377382e-01
1.000000000000000000e+00 1.656224388411937865e+00 1.318204546433211721e+00 3.500563760383134770e+00 2.254395499453501372e+00 4.989023406705362262e+00 1.258670603463384330e+00
1.000000000000000000e+00 1.162630897456259582e+00 5.156867571928549054e+00 3.059790475170509616e+00 1.602236699982827250e+00 5.321831332279866267e+00 7.975438711922758772e-01
1.000000000000000000e+00 3.407611757562750476e+00 5.548134097182962243e+00 1.576973210894586863e+00 1.310183818143907608e+00 5.833530700092302901e+00 3.138646341650144223e-01
1.000000000000000000e+00 1.586540944811972498e+00 4.346001314690392192e+00 4.028189446617057357e+00 2.696526336547837133e+00 4.485831271451751867e+00 7.435296838609403158e-01
1.000000000000000000e+00 1.625928961012752083e+00 5.146433996583777315e+00 1.586019528401167111e+00 3.529658271597792218e+00 1.416115331040361358e+00 2.337987056376424899e-01
1.000000000000000000e+00 4.427826436144856714e+00 5.394894501411336307e+00 2.686032877828760324e+00 1.809615033161068531e+00 5.314798116565092378e+00 1.345185039155619156e-01
1.000000000000000000e+00 3.151529474497313466e+00 3.858861760241611094e+00 1.714209824071659227e+00 4.290511090282460138e+00 3.402799704181340257e+00 3.036913733736535392e-01
1.000000000000000000e+00 3.457972733707184609e+00 3.152137051604951168e+00 2.031260569180763031e+00 3.258697379907219194e+00 3.748586275816555347e+00 2.882398252607586975e-01
1.000000000000000000e+00 1.321044685375670547e+00 2.584732938955596637e+00 2.959296865940129972e+00 2.773642783651063315e+00 3.085821394878510482e+00 6.527197890469135233e-01
1.000000000000000000e+00 2.344967022175488580e+00 4.869398278650781897e+00 2.021581916994851458e+00 1.575730891976005577e+00 2.019973018046936630e+00 1.317763331900826396e-01
1.000000000000000000e+00 2.551809794617868832e+00 5.462616449774230887e+00 3.096358305830110069e+00 3.074128277606759774e+00 3.788443455927263503e+00 3.651165698413651461e-01
1.000000000000000000e+00 3.276100745409006088e+00 3.216900071895938851e+00 1.090620205228648665e+00 2.936372057124206680e+00 1.273051516067345235e+00 1.078923938777179292e-01
1.000000000000000000e+00 1.058102699540503178e+00 4.035447893593770097e+00 4.963790567864063696e+00 4.298451364652371431e+00 5.859226506627423170e+00 1.724608211150617798e+00
1.000000000000000000e+00 1.362234438972794504e+00 4.156537765459943579e+00 1.345229531572998738e+00 3.210167104655617720e+00 3.563076220515999815e+00 3.519809677688969796e-01
1.000000000000000000e+00 5.300611985946022564e+00 2.922556638224062642e+00 1.049893883292246866e+00 5.772829644294053431e+00 1.645356234654407279e+00 1.397812884321092408e-01
1.000000000000000000e+00 1.198094126741785725e+00 4.261121297727362034e+00 3.678282996737892940e+00 3.387080947401768682e+00 4.900240435200217348e+00 1.019269832926177566e+00
1.000000000000000000e+00 1.524650892090874343e+00 4.003255332741779249e+00 5.106941814503471733e+00 3.908683237105933461e+00 2.137408018467700010e+00 2.269059858247490513e-01
1.000000000000000000e+00 1.712477714507566251e+00 4.170520156881656781e+00 2.668141979184328161e+00 1.634120112752094123e+00 5.699621864428544349e+00 6.519256900164275281e-01
1.000000000000000000e+00 4.090778671590595827e+00 2.271957904209235046e+00 3.256470565146274865e+00 1.813304075527425674e+00 5.940620379773176474e+00 1.373729726585467548e-01
1.000000000000000000e+00 4.512324852720519530e+00 2.809265466025693492e+00 1.917210982017172549e+00 4.671828382461091778e+00 3.426152278826780861e+00 2.329833061662167359e-01
1.000000000000000000e+00 1.048854237095918407e+00 1.228243727511918681e+00 5.412799383861736757e+00 1.292826526422669264e+00 5.455700458967546851e+00 4.507865548269200495e+00
1.000000000000000000e+00 2.632306541219959328e+00 1.700120487766588528e+00 3.331548780700850365e+00 3.761830689086171464e+00 3.301776865674134420e+00 3.282356786669003434e-01
1.000000000000000000e+00 3.588558216923557254e+00 2.384071538956528791e+00 1.378498636548937339e+00 3.976148663597007804e+00 4.548356717522621828e+00 3.157440865175948352e-01
1.000000000000000000e+00 1.439332495724166883e+00 5.857663454505253497e+00 2.939130449584656191e+00 5.359565306402527263e+00 5.918557916045759093e+00 8.995190057570897624e-01
1.000000000000000000e+00 1.392892485775103717e+00 1.980488563691964687e+00 2.017363712487979299e+00 5.015059407631602184e+00 4.602283707313780781e+00 1.016512465653444108e+00
1.000000000000000000e+00 2.984616381007980213e+00 4.053900355378841525e+00 1.334868060126357614e+00 3.701394465937105416e+00 2.409125016477359882e+00 2.086828171578956337e-01
1.000000000000000000e+00 2.000751221224050358e+00 1.038320163246126526e+00 1.332823639571114160e+00 2.481629009499000560e+00 1.672167136847749980e+00 2.665645881346004886e-01
1.000000000000000000e+00 1.837412911295348783e+00 2.095344045509288655e+00 4.241590037260477786e+00 1.717347285090100151e+00 3.338603079855754441e+00 2.448507283066485019e-01
1.000000000000000000e+00 1.522839201672001153e+00 1.183606812504105710e+00 1.370527112874335263e+00 1.757227609676786706e+00 4.029484075897414641e+00 7.560458953756699074e-01
1.000000000000000000e+00 1.157930724128210187e+00 5.012928397899064414e+00 3.167361163778172006e+00 1.403077025848008752e+00 4.917507512939543801e+00 7.622810530864985168e-01
1.000000000000000000e+00 1.259856418257362165e+00 3.563338629782081934e+00 3.795296424733010987e+00 4.775668087225979797e+00 4.809449471887419669e+00 1.182420196139765567e+00
1.000000000000000000e+00 3.706481676505352318e+00 2.467444116040608204e+00 2.605810763179767342e+00 3.933119591418313465e+00 5.466522468940613777e+00 4.551186531171174665e-01
1.000000000000000000e+00 4.545302597254582189e+00 5.658768597164081982e+00 2.100556629523765650e+00 5.142193354694954088e+00 3.164199605285861416e+00 1.998980573854189924e-01
1.000000000000000000e+00 5.008640415348959429e+00 4.085332580589006390e+00 1.343568388619804876e+00 4.150465634308316609e+00 2.946043093117193923e+00 1.710622816150266789e-01
1.000000000000000000e+00 2.697250962714030198e+00 1.569191967383007036e+00 2.847870997133865600e+00 5.143264530591446615e+00 5.437122676851801728e+00 8.215807922568980626e-01
1.000000000000000000e+00 1.400574231923375823e+00 3.537059693589044151e+00 4.613688761194023158e+00 2.385346248566998284e+00 2.679081823207672741e+00 3.949831667159073856e-01
1.000000000000000000e+00 5.086488849812468516e+00 4.511293830158320972e+00 1.041818409384285493e+00 5.375668093105760548e+00 5.810292494706757793e+00 2.576397260378295306e-01
1.000000000000000000e+00 3.261591422591500589e+00 5.964084194995352028e+00 2.088336997902680459e+00 5.854701248023093108e+00 3.544795202110237575e+00 3.694699922720767193e-01
1.000000000000000000e+00 4.657947608776659365e+00 2.972880377988231793e+00 1.026567378341729730e+00 1.201427593889992318e+00 5.794359365952050034e+00 2.166878603791459745e-01
1.000000000000000000e+00 1.301760419952818992e+00 3.055105376327728717e+00 4.864047866451686630e+00 3.581416495988370308e+00 3.899147880238625241e+00 1.011909765132481764e+00
1.000000000000000000e+00 2.235516170050732221e+00 5.538055012782774789e+00 3.742095814967813183e+00 3.903226129548170498e+00 2.412751337593194378e+00 1.543327981386147796e-01
1.000000000000000000e+00 1.797723400565941709e+00 4.570163222334282516e+00 1.332316628881360598e+00 5.679686241242797529e+00 2.395041451738983085e+00 3.064833450148500282e-01
1.000000000000000000e+00 2.096069936790221355e+00 2.546863589313910659e+00 3.918567938656819738e+00 3.406389756096185106e+00 5.993964679078272795e+00 9.345230390755000505e-01
1.000000000000000000e+00 2.684478958855534003e+00 5.775302557424944361e+00 4.758734961979202538e+00 5.752664104772044595e+00 3.892709091017657386e+00 2.857083706690099478e-01
1.000000000000000000e+00 4.293538877504380125e+00 4.182006850917034946e+00 1.701622590967574844e+00 1.430660695318401565e+00 3.197814708864493483e+00 8.361039538214881661e-02
1.000000000000000000e+00 2.142273706656493637e+00 4.018977264746938616e+00 1.849405030253676419e+00 3.199278198569174503e+00 1.434835101279665182e+00 1.962413227513700176e-01
1.000000000000000000e+00 1.360992044895879216e+00 1.605125002425965342e+00 3.985776529951509328e+00 2.916076829736258702e+00 5.547976955554721812e+00 1.924854257597239382e+00
1.000000000000000000e+00 2.288414442556068629e+00 4.755890239042090961e+00 5.445639619700049394e+00 3.212886729664076846e+00 5.053417851687958873e+00 3.520582919517800113e-01
1.000000000000000000e+00 4.635845348831540313e+00 2.773856459179921075e+00 1.782383580018002789e+00 5.131704054750933608e+00 1.807238430164605170e+00 8.504515051488212296e-02
1.000000000000000000e+00 2.729674962734814692e+00 4.393349783362824112e+00 2.354713491581827078e+00 4.998916822228916423e+00 1.070983172358618507e+00 1.377063866821353066e-01
1.000000000000000000e+00 2.855193814923013385e+00 2.809599954189324844e+00 2.011270902622674495e+00 3.773435123941836000e+00 2.288159993817645788e+00 2.418089668309268969e-01
1.000000000000000000e+00 1.200545957062412405e+00 1.050655920138716892e+00 2.207503139964167360e+00 4.157293962915103336e+00 4.464544555123838521e+00 6.662628573013293476e+00
1.000000000000000000e+00 5.335157480612243042e+00 4.180480232047711020e+00 2.074563185181979463e+00 4.922027366063986165e+00 4.665801890683997755e+00 2.577351747527093506e-01
1.000000000000000000e+00 3.893377042861966952e+00 5.566434737881183814e+00 3.124254214340434821e+00 3.992814966088799711e+00 5.977107564627280212e+00 4.252433325300936651e-01
1.000000000000000000e+00 3.433344707123514361e+00 4.619865277330468700e+00 1.939601904076615035e+00 3.705569124394223479e+00 3.666617739298025036e+00 2.907227317893354424e-01
1.000000000000000000e+00 5.367116190408302678e+00 1.602792082018451136e+00 1.384858346904370485e+00 4.025447592702692035e+00 3.028226297236187747e+00 1.666931738154351916e-01
1.000000000000000000e+00 3.108604634367277075e+00 1.332219221778874418e+00 2.913993822181939031e+00 4.128253947136382607e+00 5.887282815919212986e+00 7.369058474325904662e-01
1.000000000000000000e+00 2.384138986175257990e+00 3.669837362738818776e+00 5.109154732926796783e+00 3.858038247414719457e+00 5.266585933332930125e+00 5.556728971903903691e-01
1.000000000000000000e+00 2.053310945028332668e+00 3.110171300638195024e+00 2.359730197092243742e+00 4.021796598573855519e+00 2.136305267798311647e+00 3.435055926708725504e-01
1.000000000000000000e+00 4.157801100462602761e+00 3.430002468988015085e+00 2.320309923468593993e+00 3.617006854610041344e+00 4.474850665607378986e+00 2.820514758221993601e-01
1.000000000000000000e+00 1.657838425636299018e+00 1.218695361544736677e+00 4.181871407666871931e+00 4.332609883465174505e+00 5.951425852924706383e+00 2.451877233065692607e+00
1.000000000000000000e+00 1.898415544351209849e+00 2.715836765863291369e+00 1.954632925358217532e+00 1.816833791992100933e+00 4.860760138079190718e+00 4.992722463852019010e-01
1.000000000000000000e+00 1.904884763547448845e+00 5.228021814949533663e+00 3.976516329637445502e+00 2.933535285219889488e+00 2.734794751887929198e+00 2.534879846106880552e-01
1.000000000000000000e+00 3.574086769648451067e+00 4.944925799603966610e+00 1.938612028461260461e+00 5.195733040353762711e+00 2.710347173287776634e+00 2.632316859067795889e-01
1.000000000000000000e+00 2.796166846998828337e+00 3.232097582007910752e+00 1.441924734922593654e+00 1.726633462102520555e+00 5.049893718417362010e+00 3.188888307431576585e-01
1.000000000000000000e+00 1.817619362925113835e+00 5.112111868341392196e+00 2.841736068971756346e+00 1.310207084782771592e+00 2.121914898998977339e+00 1.224822606784073814e-01
1.000000000000000000e+00 5.847061611676437565e+00 5.583176179206036593e+00 1.155745463966955322e+00 3.869329248385481534e+00 2.304246229810444468e+00 1.032541638439883752e-01
1.000000000000000000e+00 2.290667163505637483e+00 3.154926102566481205e+00 2.297882246375245963e+00 3.830092124439104850e+00 1.045435174756081498e+00 1.319829581746620739e-01
1.000000000000000000e+00 4.283683322706460572e+00 2.594334091605694059e+00 1.168382019372320002e+00 5.390167564222284824e+00 4.241487636494007951e+00 2.691329247848528450e-01
1.000000000000000000e+00 4.867365628433002911e+00 2.855862117188137983e+00 2.216983416092652259e+00 5.798955102024250685e+00 3.227589072465805842e+00 1.873880418291691830e-01
1.000000000000000000e+00 1.654368303591749134e+00 4.005370834001165115e+00 3.786685847865040255e+00 1.243474241999648733e+00 5.834842573091576945e+00 8.110630990358681514e-01
1.000000000000000000e+00 5.849105225392723817e+00 4.527929313219122953e+00 1.194896603305652061e+00 1.490038423903705223e+00 3.855995919814568573e+00 1.221349818469321669e-01
1.000000000000000000e+00 1.367483736650063175e+00 1.834301008493764096e+00 5.489595934788328968e+00 3.706350554708390366e+00 3.846032315647138322e+00 1.161066111270659285e+00
1.000000000000000000e+00 1.848789525437703585e+00 3.152646692311037668e+00 5.440590944670178786e+00 4.227860907137140245e+00 5.339898133654514822e+00 9.884760275713024846e-01
1.000000000000000000e+00 2.685015882156431388e+00 5.450485175919041581e+00 5.504804478452339112e+00 5.729854449227996582e+00 4.590070890635007395e+00 1.338184289709268004e-01
1.000000000000000000e+00 1.835209539504749188e+00 2.703020832906458448e+00 1.336279569836839265e+00 1.616418896494734359e+00 2.219976511762361326e+00 2.099177992877991061e-01
1.000000000000000000e+00 1.838096081441588314e+00 1.358559444238255143e+00 1.474589684108348564e+00 3.592808443328669554e+00 5.833671137675540130e+00 9.223729881668087938e-01
1.000000000000000000e+00 1.183357134667714750e+00 3.048144474476160326e+00 5.994463060166452806e+00 2.229237212467001683e+00 5.790690599022481067e+00 1.590477276187310052e+00
1.000000000000000000e+00 5.341356402566293404e+00 3.270008105980574342e+00 1.201754134298498533e+00 3.773659016411771372e+00 3.630470066257710293e+00 1.840084530300308552e-01
1.000000000000000000e+00 2.029206050183841370e+00 4.441371178901185601e+00 3.055957589972929878e+00 1.383790309443690081e+00 4.438846031828673766e+00 4.643441399272950632e-01
1.000000000000000000e+00 1.559598096988639382e+00 1.702764837891803884e+00 1.650403349144734744e+00 1.020937218139789326e+00 2.367372576874898993e+00 2.921186091089311709e-01
1.000000000000000000e+00 2.348748057584947979e+00 3.427948498296989222e+00 1.112129445810275730e+00 4.352171668984587960e+00 4.682365873095363895e+00 3.124776581473500681e-01
1.000000000000000000e+00 1.285434280446574373e+00 1.137683599347327323e+00 2.802134135707430751e+00 4.209097584007176707e+00 1.258286785573205169e+00 7.291449479678731027e-01
1.000000000000000000e+00 1.196717703342548234e+00 2.921033564929000903e+00 2.563889946051770341e+00 3.077215002960448142e+00 2.767365960303602712e+00 5.997555759426489441e-01
1.000000000000000000e+00 3.260995141417176502e+00 1.154778954596717533e+00 2.160090901544053477e+00 2.676858031087312018e+00 3.455098813344549935e+00 2.921293042003286766e-01
1.000000000000000000e+00 5.669375087639524580e+00 2.939933799734347541e+00 1.071907230360425123e+00 1.885411276986449280e+00 2.603667911557856041e+00 7.440053702428250926e-02
1.000000000000000000e+00 1.207864295251960485e+00 4.781068069750884497e+00 4.811513122504799789e+00 3.996798625210828071e+00 5.874521364051174643e+00 1.387281384277623930e+00
1.000000000000000000e+00 1.741716004810444307e+00 3.292615044409453517e+00 1.194690083438328054e+00 4.643281421183013791e+00 3.055567084974243119e+00 3.154075743801711962e-01
1.000000000000000000e+00 1.024699904672047968e+00 1.580694801002628047e+00 3.816976753563200653e+00 2.184619969483617474e+00 5.916703842071132868e+00 3.851704363602765468e+00
1.000000000000000000e+00 1.698256273781564518e+00 5.805677427037965188e+00 4.536985000164638571e+00 1.363674738893342120e+00 3.980713247749484651e+00 4.129672510499658444e-01
1.000000000000000000e+00 1.149867949363389652e+00 2.947409474512102001e+00 2.946152358458942189e+00 2.403004066189579735e+00 4.697905886108713069e+00 9.615149544265032544e-01
1.000000000000000000e+00 2.539649707955954572e+00 2.927559523684611698e+00 2.144377312417494963e+00 2.749689267853570485e+00 2.054849453099752310e+00 1.854597597605432691e-01
1.000000000000000000e+00 1.469503578947092048e+00 3.708524062050019943e+00 3.638387331108474676e+00 5.153113802158956425e+00 2.087939699658222459e+00 5.949157276797618632e-01
1.000000000000000000e+00 1.885748947236929540e+00 2.511666246757468635e+00 4.247544648537236789e+00 5.891103342632791673e+00 1.995467099679628209e+00 4.550383719491055690e-01
1.000000000000000000e+00 4.416240141448229295e+00 2.712239894173566590e+00 1.266739984944488473e+00 4.654351728880802064e+00 1.628217462061569920e+00 1.377189692647281249e-01
1.000000000000000000e+00 3.853048733194148312e+00 2.736385195152537975e+00 2.865613092111917837e+00 5.020827824919420479e+00 3.055721682399935357e+00 5.849484274395670702e-02
1.000000000000000000e+00 1.151935298484184411e+00 3.902338004968480156e+00 5.708459933290153110e+00 5.332115917698501129e+00 4.520157262958284683e+00 1.530198745446425868e+00
1.000000000000000000e+00 2.078375761988585868e+00 3.444489158962257047e+00 4.485679029459046063e+00 3.079092840092054750e+00 5.882282647177050627e+00 8.443848192380991602e-01
1.000000000000000000e+00 2.969322028270792391e+00 5.969241944498491215e+00 2.376441067259301043e+00 3.013697423734153613e+00 5.000687913760379466e+00 4.168205425350918758e-01
1.000000000000000000e+00 4.256164885207460280e+00 5.401573810744634940e+00 1.781032843433109747e+00 3.598058379015037556e+00 2.208294604095925706e+00 7.945681649592432894e-02
1.000000000000000000e+00 1.532965151539953608e+00 4.117029790797200661e+00 4.179701634133554222e+00 5.982631543993095491e+00 1.340186570458348436e+00 4.772678702598899814e-01
1.000000000000000000e+00 1.241060194302780140e+00 2.006560539112166364e+00 4.525695727852816930e+00 2.980004831928075859e+00 3.529629000731969501e+00 1.062550290623982097e+00
1.000000000000000000e+00 4.911927420291367419e+00 3.715122919788315770e+00 1.848642142884615813e+00 5.398007483558810549e+00 2.798377806115338817e+00 1.776346099468326944e-01
1.000000000000000000e+00 3.835081304933338764e+00 2.138748680516048051e+00 1.095724339984183393e+00 5.535209802075109486e+00 4.436171717303414752e+00 2.908287442357967989e-01
1.000000000000000000e+00 5.089171080875107833e+00 2.378837841256784991e+00 1.768455214221022587e+00 1.807289170321200400e+00 5.058135072224267503e+00 2.176948313937499546e-01
1.000000000000000000e+00 1.601045276853042321e+00 5.385452905090944320e+00 3.863036164410112328e+00 3.358699187592195212e+00 2.469583802524669025e+00 4.104855343018099512e-01
1.000000000000000000e+00 3.722445489804247831e+00 5.720210469126989494e+00 2.385062621629893798e+00 3.767358881049249320e+00 3.231631799932806359e+00 1.904158385842323609e-01
1.000000000000000000e+00 1.028793302490607964e+00 1.743979847025578067e+00 5.606537561064877551e+00 3.851434693656952568e+00 4.635092635070670042e+00 2.927660551513776799e+00
1.000000000000000000e+00 2.622929149501351365e+00 3.313378025326967347e+00 3.915954021385487760e+00 2.050535964561758906e+00 4.464601146123943209e+00 2.315545416281454272e-01
1.000000000000000000e+00 2.832307674356989491e+00 5.904936890813425876e+00 3.964200902540550686e+00 4.711356961261433440e+00 5.936842361561000203e+00 6.595305243670059880e-01
1.000000000000000000e+00 4.477336033449311081e+00 5.317737612572726036e+00 1.259946759888537438e+00 2.774159277715813054e+00 4.311589567697911463e+00 2.128170567652324097e-01
1.000000000000000000e+00 2.942790506351728563e+00 3.943657610656599033e+00 1.158718826864943097e+00 4.901063242678167953e+00 4.048409541378886978e+00 2.773442964188900794e-01
1.000000000000000000e+00 3.243468113112653484e+00 2.876649539598009397e+00 3.116675720765987645e+00 3.819464605277011593e+00 5.575492272450149223e+00 5.219758806239656046e-01
1.000000000000000000e+00 2.187720654371637430e+00 2.428917777629350905e+00 1.422826890486189377e+00 2.305812162554301104e+00 1.781810708224375261e+00 1.875187824369291545e-01
1.000000000000000000e+00 2.866258958146700397e+00 2.016115455430436576e+00 4.034234777700695496e+00 4.474765596715238658e+00 4.758990817934664719e+00 4.868965407103500453e-01
1.000000000000000000e+00 1.365979618842218191e+00 2.932702534115139592e+00 5.414574082593611060e+00 4.981218047281935846e+00 2.373329348939527073e+00 6.835340722665075308e-01
1.000000000000000000e+00 4.341063992775080926e+00 3.461627400005909738e+00 2.056159157364655155e+00 4.050539610181173700e+00 2.668882985348989045e+00 9.550305951973275809e-02
1.000000000000000000e+00 2.898928900896148964e+00 5.903696717917147119e+00 1.983267924764793522e+00 2.306665089426918946e+00 3.846524922061010265e+00 2.909999589525983366e-01
1.000000000000000000e+00 3.595408925681090384e+00 5.137594610531515116e+00 2.432597744635614845e+00 3.996496435031943406e+00 3.593739235573547131e+00 2.650293511133572366e-01
1.000000000000000000e+00 1.128210329032178549e+00 3.867644757277866496e+00 5.986189499518013157e+00 2.440922629797647403e+00 2.164292784380471346e+00 5.098813545045928486e-02
1.000000000000000000e+00 2.706239138130781541e+00 5.780235718059665295e+00 1.150130026646964065e+00 1.032321788948552754e+00 3.460008647160413897e+00 1.821011927748436010e-01
1.000000000000000000e+00 4.824416307710641227e+00 5.465451025977074551e+00 1.311970342991386040e+00 5.707371187530327461e+00 3.319927087201904214e+00 2.256252623363374232e-01
1.000000000000000000e+00 4.590615381132471917e+00 5.417323814930303350e+00 1.335082688756049851e+00 3.358247453752976952e+00 5.638728665377036542e+00 2.766487268647135345e-01
1.000000000000000000e+00 1.091162913381808153e+00 3.552162445021161297e+00 5.084869536359184039e+00 4.128409561306763287e+00 4.538102928702676842e+00 1.435894022135717929e+00
1.000000000000000000e+00 1.037814374890710489e+00 5.631913033650433498e+00 5.689826157169471266e+00 3.036827621064161598e+00 4.879386272348464892e+00 1.286589994810026782e+00
1.000000000000000000e+00 4.237373570773015352e+00 1.095580472148820039e+00 1.425517430598926882e+00 3.606885107368706045e+00 5.039786640545094620e+00 3.722243181524712563e-01
1.000000000000000000e+00 2.217411482881496365e+00 4.438610212152803491e+00 1.355174445220010515e+00 1.981471511555335185e+00 1.569829435596205691e+00 1.424460209716424952e-01
1.000000000000000000e+00 1.301336951447804147e+00 4.462662157685540087e+00 2.146828885188361902e+00 5.308324423495505151e+00 5.171623978746993089e+00 7.372445123739966855e-01
1.000000000000000000e+00 2.758113436198172064e+00 2.496977941858406158e+00 2.342810837268213042e+00 5.453292277309212288e+00 4.232036876140444548e+00 5.337365648638062732e-01
1.000000000000000000e+00 1.507104142246082468e+00 2.793577627085067405e+00 1.504890534088805465e+00 3.984726117065862994e+00 3.291817397131530765e+00 4.338283235125326431e-01
1.000000000000000000e+00 3.429358795931628290e+00 5.022186038397524754e+00 1.837455445470538518e+00 5.050805449798512647e+00 3.643536599420262867e+00 3.252752842899928054e-01
1.000000000000000000e+00 2.283882838602539600e+00 2.393799362072765113e+00 1.736377817760454523e+00 3.148366816775739707e+00 1.171884291758626073e+00 1.619918837863825734e-01
1.000000000000000000e+00 2.556538495780018128e+00 4.384106494286978517e+00 2.391842408313283208e+00 2.343988075150990724e+00 3.727139751058565320e+00 3.360670084925183598e-01
1.000000000000000000e+00 2.363120003667668723e+00 1.071576388335299779e+00 2.496916868526741329e+00 2.532077246755181754e+00 4.975057684642352207e+00 8.086609768152283051e-01
1.000000000000000000e+00 3.067745507626757462e+00 4.689347592807649789e+00 2.162529961039155957e+00 3.775668933765942370e+00 1.816772248715782467e+00 1.311764020683698906e-01
1.000000000000000000e+00 1.609430466684737659e+00 5.170722985003378902e+00 1.648394891121176764e+00 3.939958147319163828e+00 1.521565436759410694e+00 2.626013050737912025e-01
1.000000000000000000e+00 1.905746747673401575e+00 4.702380659767595894e+00 2.282315305083829848e+00 3.132498736209305523e+00 1.727577413936795647e+00 2.493682639857467409e-01
1.000000000000000000e+00 4.405589269824914389e+00 1.714251436504192982e+00 2.776598742369438710e+00 4.077103899104177032e+00 5.385637809492508588e+00 3.368229523114092960e-01
1.000000000000000000e+00 1.907191738478134724e+00 4.767139611284845202e+00 4.369971040728652056e+00 1.407874628056829724e+00 3.640946308781781049e+00 1.799173892788991092e-01
1.000000000000000000e+00 3.625816918335300620e+00 4.844613910538204671e+00 1.312824211097257887e+00 1.438941185290799840e+00 3.336304980037513079e+00 1.695267783708086506e-01
1.000000000000000000e+00 1.534384615473719293e+00 4.830579663977930593e+00 5.045118201458381968e+00 3.590387490201723875e+00 4.247780033784809284e+00 8.196964405490421157e-01
1.000000000000000000e+00 3.836561098144517956e+00 5.229607198388660727e+00 1.734609617918853708e+00 2.069973393491567837e+00 5.339997959475449640e+00 3.052170981722577281e-01
1.000000000000000000e+00 2.282813918506819029e+00 4.068020571187291878e+00 2.713225732612607466e+00 2.416422017462886540e+00 5.140929346617264528e+00 5.373188834899850219e-01
1.000000000000000000e+00 3.417728233599623522e+00 3.438139048336054326e+00 1.774626555717213172e+00 5.059330620051898819e+00 1.376393583258368025e+00 1.661999195278374419e-01
1.000000000000000000e+00 1.217062664274095818e+00 3.035532445628138287e+00 2.512097556392681952e+00 4.344382655203427035e+00 2.287396082462346492e+00 5.970579406022944458e-01
1.000000000000000000e+00 4.008059100731656166e+00 1.554990493956574182e+00 1.685742440763715821e+00 1.100689244746449136e+00 2.925290278594808502e+00 5.151871522651044893e-02
1.000000000000000000e+00 2.140398859744662374e+00 1.361582376289693030e+00 1.720393930065997834e+00 3.292592810935076830e+00 5.174868928414811720e+00 7.230202497182934840e-01
1.000000000000000000e+00 2.060224199541133228e+00 5.775576036458507367e+00 4.119992427644912247e+00 3.822953194667317423e+00 4.551757503561661089e+00 6.375177651087539088e-01
1.000000000000000000e+00 3.055142349033523441e+00 2.497828389769369384e+00 3.439171592720062343e+00 4.395333022478187246e+00 4.679602031869744216e+00 4.707015623897071732e-01
1.000000000000000000e+00 5.199306514333601470e+00 1.384310376380817553e+00 1.411361621385309295e+00 5.658702016582541461e+00 2.375494407795621932e+00 1.886578520271726678e-01
1.000000000000000000e+00 2.767106896513590542e+00 4.972577722453743299e+00 2.532317340214101709e+00 4.600787304654700982e+00 2.704809868214942625e+00 3.132752719951181208e-01
1.000000000000000000e+00 2.184352794872410186e+00 4.535432386333490662e+00 5.111906055926771941e+00 2.436106046025753979e+00 5.988361316323295824e+00 6.783605477905092496e-01
1.000000000000000000e+00 4.902627576219309447e+00 1.251130057319868705e+00 1.284893634986841393e+00 5.398762011471718303e+00 2.317757397483889203e+00 1.974114305475421771e-01
1.000000000000000000e+00 1.477676569173340893e+00 2.405022494543568090e+00 4.336061685970904911e+00 2.103255298108742455e+00 4.626631953679390286e+00 9.289720886607226724e-01
1.000000000000000000e+00 3.933042315877370410e+00 3.025513472637832102e+00 2.569377483612352631e+00 3.500291295955433313e+00 5.878009595783262320e+00 4.316119705983930133e-01
1.000000000000000000e+00 1.840071038724317098e+00 5.530555010662485671e+00 3.690113526819514878e+00 4.374466015270773944e+00 1.326383787832319472e+00 1.229225496931011796e-01
1.000000000000000000e+00 2.083699000453878014e+00 2.130144989079998830e+00 5.447596555218815695e+00 4.800027724810492558e+00 4.236710671865456135e+00 5.995036930192705338e-01
1.000000000000000000e+00 1.478572777600808630e+00 4.202380210879219646e+00 2.857336313121884075e+00 2.562990124541500769e+00 1.641749633073473991e+00 2.714971434952023199e-01
1.000000000000000000e+00 1.118192930231681981e+00 5.894905575874044956e+00 1.975832586093252186e+00 3.053413165051414246e+00 4.250935832228266875e+00 5.250271591980552044e-01
1.000000000000000000e+00 2.159735480579877187e+00 1.614603392326937836e+00 3.415904316568342480e+00 5.672719403577577424e+00 1.199739866430471702e+00 2.166017696755716815e-01
1.000000000000000000e+00 3.972381675930865441e+00 3.515419753899181821e+00 2.807018895335931852e+00 4.909454564984448766e+00 5.131951558002776359e+00 4.058663281910163123e-01
1.000000000000000000e+00 1.682198762783665646e+00 4.123919313947012277e+00 2.641165528391697048e+00 5.828194876334002572e+00 1.275507675794155471e+00 4.095766448247193381e-01
1.000000000000000000e+00 3.140998074628073677e+00 2.209658401577647702e+00 1.630010139319971518e+00 4.358544296220303593e+00 5.642777664470679966e+00 4.606548949093045575e-01
1.000000000000000000e+00 4.587988828290881393e+00 4.569763162532948897e+00 1.982096079360086804e+00 4.646549002386031191e+00 4.205430517910797583e+00 2.769318497146374680e-01
1.000000000000000000e+00 1.520548246920831570e+00 3.600849461553755848e+00 3.896572333309689107e+00 2.560948682845646918e+00 5.862841178248683782e+00 1.019332400384279413e+00
1.000000000000000000e+00 2.370803332799029217e+00 2.357046902233571828e+00 2.149133628988092237e+00 4.726073713454172598e+00 2.776419871184613086e+00 4.109603818117897878e-01
1.000000000000000000e+00 1.397096844944933025e+00 3.483477114089732929e+00 3.763311338883740920e+00 2.161123454506715724e+00 4.412558650581000386e+00 7.965709620965167881e-01
1.000000000000000000e+00 1.428291247982152790e+00 2.421370464637583542e+00 2.860866276234485639e+00 3.026626803234766960e+00 4.311160791647965063e+00 8.486273964522389468e-01
1.000000000000000000e+00 1.959336623593714410e+00 4.147788484458683200e+00 1.706117716865747314e+00 1.993158069309345581e+00 2.340716148059604151e+00 2.349679316750797331e-01
1.000000000000000000e+00 2.133282011134939982e+00 4.743226170630999938e+00 1.926351776916618519e+00 5.546263472184961962e+00 1.626256155481039745e+00 3.128522337243875295e-01
1.000000000000000000e+00 2.774981529159686655e+00 2.587933976305583528e+00 2.393215315575182078e+00 2.851160928422883600e+00 4.277549859230562745e+00 4.126316299575011337e-01
1.000000000000000000e+00 1.347119213730466836e+00 1.000673465022426711e+00 2.093549001617915906e+00 4.756394621868833994e+00 1.198985636678262745e+00 8.664721891605984272e-01
1.000000000000000000e+00 3.595298954541351844e+00 3.555645696186148896e+00 1.914188899344085648e+00 5.484976446822055429e+00 3.988411677617295314e+00 3.654686032550219510e-01
1.000000000000000000e+00 1.338062817961074513e+00 1.234259542638015628e+00 5.128554757803335029e+00 5.230621052651157399e+00 5.348479424258169246e+00 4.129849837776579768e+00
1.000000000000000000e+00 5.001782539111808035e+00 2.380847789104497458e+00 2.428537838304451579e+00 1.914066942696129647e+00 5.454160741448167649e+00 1.380916693188211641e-01
1.000000000000000000e+00 2.168560409552164892e+00 4.534882437278580980e+00 5.635618909322246850e+00 5.781459407566806874e+00 3.245188801849808513e+00 8.560286104764720794e-02
1.000000000000000000e+00 4.254386845235971215e+00 1.019099613292915540e+00 1.715005613328631995e+00 1.312156636388901676e+00 4.353825127215178448e+00 2.339118272814751653e-01
1.000000000000000000e+00 3.664788932756676498e+00 2.234119346009511453e+00 2.872741216897906291e+00 3.430868270524415120e+00 5.106297101864227805e+00 3.806222568395626338e-01
1.000000000000000000e+00 2.665009565290989535e+00 2.581350748646533688e+00 2.836953643485352394e+00 2.242699104637130070e+00 3.106504408166823161e+00 1.928481618633097749e-01
1.000000000000000000e+00 4.347434775990950406e+00 1.509461940330067531e+00 1.435086091513943618e+00 2.584713108836406814e+00 5.194196683826351801e+00 3.105265198280332539e-01
1.000000000000000000e+00 4.653252551196230158e+00 2.566739587925715771e+00 1.875615700651766193e+00 5.293490606222869488e+00 1.962465753179135408e+00 9.039897976698224591e-02
1.000000000000000000e+00 1.300711713003926073e+00 5.459360724053674119e+00 2.102521317178235538e+00 4.823254751924367589e+00 5.555602506959787412e+00 6.839424149492003835e-01
1.000000000000000000e+00 3.811484079389549251e+00 3.169087097882647530e+00 2.091037672760861277e+00 1.733475570075907690e+00 5.102537521160545708e+00 3.038874344784163184e-01
1.000000000000000000e+00 1.876514711788298317e+00 2.886590269815964227e+00 2.248344763701150661e+00 5.725120322902843562e+00 1.243831594065702095e+00 3.687571283918292253e-01
1.000000000000000000e+00 4.450024454103328253e+00 5.820392082450540627e+00 2.316236732590056135e+00 4.412702393835785664e+00 5.218643963551286902e+00 3.440596448570012456e-01
1.000000000000000000e+00 2.004668443295282376e+00 1.446447622627864638e+00 1.003266953806497774e+00 2.658084245539169999e+00 3.190220379526918837e+00 3.120804099913001561e-01
1.000000000000000000e+00 1.483382248233598100e+00 3.469070202284643578e+00 4.962974066045673815e+00 4.228625216755268035e+00 3.732381805126882224e+00 8.659348546531800972e-01
1.000000000000000000e+00 2.737857621194910607e+00 4.519285458171656167e+00 1.760242837122458992e+00 2.560320223260103223e+00 3.912175384441479498e+00 3.073483209389468174e-01
1.000000000000000000e+00 2.173210409277267718e+00 4.331927067891032657e+00 3.430652426074620287e+00 5.761933761993622838e+00 1.285011937759669820e+00 2.259477735595920578e-01
1.000000000000000000e+00 1.762080066652087051e+00 4.805188951253914986e+00 1.200295595253472403e+00 4.311568693653599738e+00 5.201740887942540859e+00 3.604006881715233201e-01
1.000000000000000000e+00 3.699785651402797804e+00 2.490261043197215862e+00 2.190733268328481476e+00 5.728748511129651000e+00 3.863851383434728781e+00 3.882016277071433930e-01
1.000000000000000000e+00 1.445622160580083193e+00 1.240930061966481146e+00 4.802878212276411318e+00 4.525204531767963445e+00 3.981732487483879535e+00 1.817925797514345909e+00
1.000000000000000000e+00 4.776352102484040074e+00 2.800252329504891780e+00 1.772461020024628908e+00 4.709888647569929532e+00 2.371064445620735039e+00 1.221324010538897831e-01
1.000000000000000000e+00 1.638567418176174240e+00 5.783999077421430712e+00 3.436326770500254035e+00 4.388616206006601850e+00 1.133041830388420657e+00 2.456274102062945552e-01
1.000000000000000000e+00 1.180801902623810573e+00 2.044413620025818723e+00 4.847244470410235095e+00 1.268173957604154189e+00 4.708420644959115720e+00 1.274737770887794497e+00
1.000000000000000000e+00 2.515641779726642824e+00 2.843535854323976153e+00 2.989328515087136040e+00 4.587324953059560784e+00 4.376154187810187501e+00 5.808219854397587145e-01
1.000000000000000000e+00 2.800682037357595355e+00 1.261775100937362115e+00 1.853541816562400912e+00 5.245490099793379990e+00 2.762405234716755587e+00 4.334940049021362429e-01
1.000000000000000000e+00 1.438213733819192708e+00 4.837838142589591328e+00 1.152318431544800514e+00 2.916985705291294639e+00 1.630550708393124992e+00 1.937022796775636491e-01
1.000000000000000000e+00 3.769011203561881462e+00 5.110899434082116777e+00 2.702057780571298196e+00 5.182210962349348193e+00 4.380978731782696478e+00 3.688565705404093786e-01
1.000000000000000000e+00 2.527621553290117618e+00 5.251740005599477179e+00 3.552903787297799543e+00 3.744548158200358579e+00 5.293000534912491339e+00 6.026532592679512135e-01
1.000000000000000000e+00 2.984907585371416872e+00 2.059970273493290094e+00 4.075645702705998907e+00 1.945978961951774444e+00 5.813662919305695453e+00 3.583895342194158284e-01
1.000000000000000000e+00 5.596959866072086953e+00 2.078703395882270488e+00 1.251215049114910549e+00 3.304491691032909628e+00 5.064254857683788913e+00 2.384838215349060764e-01
1.000000000000000000e+00 3.484817414529151058e+00 4.389066001550220975e+00 1.174557763281119049e+00 5.143544919090031975e+00 3.893782381799996362e+00 2.589821952322774457e-01
1.000000000000000000e+00 5.652976073219581288e+00 4.258198802386383264e+00 1.803397923559225902e+00 5.194269309520343825e+00 5.172291264280483247e+00 2.927509664550562718e-01
1.000000000000000000e+00 1.581831989427380458e+00 4.692987290661653432e+00 1.124858310585247878e+00 4.355064902664548931e+00 1.281069527299392385e+00 2.015490599805463690e-01
1.000000000000000000e+00 2.903116467382900190e+00 4.224163020111569189e+00 2.187392783761287429e+00 2.814914202019358047e+00 5.254263786610477105e+00 4.335282415844307069e-01
1.000000000000000000e+00 5.389871602225347225e+00 2.975654538057516341e+00 1.248071866694187237e+00 5.396397780785033405e+00 2.430675212291571796e+00 1.666030508350742623e-01
1.000000000000000000e+00 2.523395695490203927e+00 2.437047982327898765e+00 2.405248750834445559e+00 5.431901809800708136e+00 1.167117862177518894e+00 2.346798360753699075e-01
1.000000000000000000e+00 1.404596415256260888e+00 2.838929938780764495e+00 1.867480251775110123e+00 1.235983508486894866e+00 3.898964219164775091e+00 4.580253820990567992e-01
1.000000000000000000e+00 3.014900893825807060e+00 1.290459760401748923e+00 2.898757614596587207e+00 5.807083098210247485e+00 1.832517735247575441e+00 1.867192301437480273e-01
1.000000000000000000e+00 1.867622574932543245e+00 1.557561061606381969e+00 5.007228881114768271e+00 4.395812841597813936e+00 4.561101025885793803e+00 1.034599211287287934e+00
1.000000000000000000e+00 1.662623363709242241e+00 2.686727733845463373e+00 4.386965649444364068e+00 4.877526483594996520e+00 1.721200105590517726e+00 3.356982105440067254e-01
1.000000000000000000e+00 3.435309594094679397e+00 3.068213374593176113e+00 2.936612589876570034e+00 1.053576488476794637e+00 5.558925561908856672e+00 3.044226100021953374e-01
1.000000000000000000e+00 4.031264688754887082e+00 3.464322922237233371e+00 1.330825944172202124e+00 3.721286685076254042e+00 1.733072785799211424e+00 1.262028478976015000e-01
1.000000000000000000e+00 4.824049004514977312e+00 3.021448736274345404e+00 1.095777427756264633e+00 5.878894092744663347e+00 4.229639465115196728e+00 2.461926946292684049e-01
1.000000000000000000e+00 1.731869960811245557e+00 3.320475797267519624e+00 2.172128000057573338e+00 3.602719186524292017e+00 3.968423099543666233e+00 5.334657440902795811e-01
1.000000000000000000e+00 2.837672111457657298e+00 5.817496204437941465e+00 2.725418727566168542e+00 3.203324417121467871e+00 4.774137291811656247e+00 4.381747116684313603e-01
1.000000000000000000e+00 1.340861546927467840e+00 3.595161400647743477e+00 1.150519361056594692e+00 5.399573133635072075e+00 2.547312882230911679e+00 3.303495934157018032e-01
1.000000000000000000e+00 1.129059534747435034e+00 4.387711337294765812e+00 5.807461622870560447e+00 3.527603958617451241e+00 3.239858281910949600e+00 8.885148769751949338e-01
1.000000000000000000e+00 1.675831445774113693e+00 2.559319289584415902e+00 4.339339533504067425e+00 3.538789190942844165e+00 3.027358381652092589e+00 5.382208741030427568e-01
1.000000000000000000e+00 3.747647679475084814e+00 4.864607409380575120e+00 2.327482037145361726e+00 5.913697704551929668e+00 2.461244783696939553e+00 2.354994546107555264e-01
1.000000000000000000e+00 2.559080665426297863e+00 1.627751073813267002e+00 2.587748501287942204e+00 4.315731244876044315e+00 3.822970406451607683e+00 5.500998799138130391e-01
1.000000000000000000e+00 2.080190912547998039e+00 2.327914164793030594e+00 2.387323398624769943e+00 1.978563200498245411e+00 1.517375318232923265e+00 3.542981759408846132e-02
1.000000000000000000e+00 4.097939774489147702e+00 1.087761816833144657e+00 2.408080210528158460e+00 5.101266594724448211e+00 4.282813511998261546e+00 4.013786718861014902e-01
1.000000000000000000e+00 1.760124265643240538e+00 4.865709369593357536e+00 1.051422479678460142e+00 3.094848868897622118e+00 1.843747191991147671e+00 1.797103168408001883e-01
1.000000000000000000e+00 1.306748135553340795e+00 3.589802638562894721e+00 4.580249866210722054e+00 3.290143082919342987e+00 5.841634800496274593e+00 1.333746341735887908e+00
1.000000000000000000e+00 3.299002118846600773e+00 2.858696474531651432e+00 4.113447704748987022e+00 4.760571663484873817e+00 5.728575542205122773e+00 4.903454456470770495e-01
1.000000000000000000e+00 1.290818977527378841e+00 1.006768128577340882e+00 5.950544230434329229e+00 3.564373711526338973e+00 4.384100218150234873e+00 2.866270476922540666e+00
1.000000000000000000e+00 1.288902804981833183e+00 4.232293708189652115e+00 2.699859318966240984e+00 3.980250578804751083e+00 1.941512624585532087e+00 4.680512204008800414e-01
1.000000000000000000e+00 4.475176144292765557e+00 5.870972219081785681e+00 1.394697014732777740e+00 5.978672260256614912e+00 2.518675231125496961e+00 2.124940846106266878e-01
1.000000000000000000e+00 2.195900521079628298e+00 1.117974823227645631e+00 2.305242631174240664e+00 5.603457003893097976e+00 1.719339831716648836e+00 5.021129169028175632e-01
1.000000000000000000e+00 1.711246843435980880e+00 5.492803023374197124e+00 2.716933510888221104e+00 2.725084199622830550e+00 1.523302201732405603e+00 2.039779641525630294e-01
1.000000000000000000e+00 1.505229055053233456e+00 3.289978795017857394e+00 1.928665360025928255e+00 3.093475716638421247e+00 1.706917771081700952e+00 3.031055348602603172e-01
1.000000000000000000e+00 1.311458990650313350e+00 2.514578644165962995e+00 5.643152810576970602e+00 1.001135191091277576e+00 4.217144747586654141e+00 6.864191332604415718e-01
1.000000000000000000e+00 3.547110640748948551e+00 1.328474294771828879e+00 1.309042303446113165e+00 5.575007688737636080e+00 1.985914909840331255e+00 2.529112420830615382e-01
1.000000000000000000e+00 2.531268103933058455e+00 4.737222032983470221e+00 1.752361355029987244e+00 1.601817881049930392e+00 5.107356263880953762e+00 3.596061614070554247e-01
1.000000000000000000e+00 3.635207319558258376e+00 1.289222247235803032e+00 3.233572636292601832e+00 4.620145943864605975e+00 4.279103836636964253e+00 2.961441725589433749e-01
1.000000000000000000e+00 3.130416919451857183e+00 5.788949004941019716e+00 3.507589801750831793e+00 5.644039803439426350e+00 3.686378368340190281e+00 3.481890384253711335e-01
1.000000000000000000e+00 1.653551883700997482e+00 5.713621595470561587e+00 2.233293079027032668e+00 3.152679104565184964e+00 4.385621317412820019e+00 5.059891869539294706e-01
1.000000000000000000e+00 1.055156322143236070e+00 1.704014744463380415e+00 1.278027608402303006e+00 5.971651513428573921e+00 5.958121714806140723e+00 2.571696703936154904e+00
1.000000000000000000e+00 3.080769990898807542e+00 4.112068207829983280e+00 1.034389811098246570e+00 2.163641744577759152e+00 1.818081020691381333e+00 1.194740980351551018e-01
1.000000000000000000e+00 3.406720758176618347e+00 4.906609278736524971e+00 2.062236385977364694e+00 1.269152624542295271e+00 4.458888195709911351e+00 2.589458491487141023e-01
1.000000000000000000e+00 1.095961384115283543e+00 3.891491997101803157e+00 4.317617969567261405e+00 1.949376645479599990e+00 4.371467868500123366e+00 9.807191344848360526e-01
1.000000000000000000e+00 2.299066043725170871e+00 1.734813547941048473e+00 3.055987444412728848e+00 1.194789231742320990e+00 5.899777236791392099e+00 7.127360892735028486e-01
1.000000000000000000e+00 4.801449115610674667e+00 5.055618849667354198e+00 3.012031296496558763e+00 2.959054473085858561e+00 5.928003669764001948e+00 1.208680176895903374e-01
1.000000000000000000e+00 1.685548528644995159e+00 4.179773535818642749e+00 5.422934441148068885e+00 5.012008922256621091e+00 4.433393058620647587e+00 9.350876840339101825e-01
1.000000000000000000e+00 2.076009360086187527e+00 4.370651477680314478e+00 5.545876320267928428e+00 3.220917034391832523e+00 4.992779190652995247e+00 5.201669026362389925e-01
1.000000000000000000e+00 1.060603873219466475e+00 2.299524896214164116e+00 2.569390382575136300e+00 4.377933867837193738e+00 1.535145671055190508e+00 6.444079884317057694e-01
1.000000000000000000e+00 2.206007287997707511e+00 2.725961042471052309e+00 4.455279063696308661e+00 3.544470350349401055e+00 4.903496520858143803e+00 6.636705962238500511e-01
1.000000000000000000e+00 5.879368774550268739e+00 5.587429215659951431e+00 2.358165906371848308e+00 5.307228430106620820e+00 5.550980620723482417e+00 2.574090554389896757e-01
1.000000000000000000e+00 5.007685559414947640e+00 2.452522528357102161e+00 1.953049165372248819e+00 5.330178375228782350e+00 2.914166973842176489e+00 1.609657929106754759e-01
1.000000000000000000e+00 3.439270219631812342e+00 5.450705686980072961e+00 2.710538104317969932e+00 4.890231532415995730e+00 3.150713660484131484e+00 2.569710011118576665e-01
1.000000000000000000e+00 1.548680993387517635e+00 4.538606751337637135e+00 3.149788098899108491e+00 3.303668001208369454e+00 3.188825274940642274e+00 5.477536176143197322e-01
1.000000000000000000e+00 3.271886672799804607e+00 1.736515221394851594e+00 1.599455467363560590e+00 3.416160379377175538e+00 4.810648102251622760e+00 3.951307680161639246e-01
1.000000000000000000e+00 1.490412903921222831e+00 4.154608951145816853e+00 3.657274570946526637e+00 4.772846806028683275e+00 5.703754296172305338e+00 1.084349210466339919e+00
1.000000000000000000e+00 1.750243323469921286e+00 1.671374254511377666e+00 3.464097922664123086e+00 3.691974896434788267e+00 5.373718248282830068e+00 1.243289811362191521e+00
1.000000000000000000e+00 2.623379634450299758e+00 5.789670605283852467e+00 2.499710348885113120e+00 5.960678197392914157e+00 4.687157207135610903e+00 5.494882438203433361e-01
1.000000000000000000e+00 2.879441425728846760e+00 3.503017855773537637e+00 1.822027645394393769e+00 4.531859984049980028e+00 2.339986334421889858e+00 2.695669769420824258e-01
1.000000000000000000e+00 2.972381392850176773e+00 4.398101663675539008e+00 1.582915372778483487e+00 2.727897929354065276e+00 5.561041183907628138e+00 3.625588344851680134e-01
1.000000000000000000e+00 2.273353110230255769e+00 3.227708193709454498e+00 4.285152491170536315e+00 2.205826071538809607e+00 5.115017872234673746e+00 5.304218216298679511e-01
1.000000000000000000e+00 1.192131744811625094e+00 1.249895143298393574e+00 2.997593922934673749e+00 1.340933098827313597e+00 4.261405564092231479e+00 1.721334290497892328e+00
1.000000000000000000e+00 3.307387323123670786e+00 5.905962645820578949e+00 1.054055418175981806e+00 3.777747849428099158e+00 3.980217977388235795e+00 2.186989318219791645e-01
1.000000000000000000e+00 5.475588703532682011e+00 2.209885651585226984e+00 1.522272590500756806e+00 2.884334401735942688e+00 5.547822136901506163e+00 2.685430492012939596e-01
1.000000000000000000e+00 4.069667923800309062e+00 1.984628522267141815e+00 3.319908490834436954e+00 5.526494995052577686e+00 5.098385013902295704e+00 3.641423852970018249e-01
1.000000000000000000e+00 1.333260202803449701e+00 5.757149051809161477e+00 1.593545477545557310e+00 3.464784858279300384e+00 5.996751502361000519e+00 5.095100683385983542e-01
1.000000000000000000e+00 1.750845004085208156e+00 4.558614028730243461e+00 2.073479437316777307e+00 1.534003520011818278e+00 2.325853705916777869e+00 2.466590784218284926e-01
1.000000000000000000e+00 4.687168843607428137e+00 5.905718658959109746e+00 1.336170900452805732e+00 5.767014396910474794e+00 4.314298938173328324e+00 2.686010946790600151e-01
1.000000000000000000e+00 1.208364503011921443e+00 3.184979428328104323e+00 1.162217230235934817e+00 2.490331005850020762e+00 3.514377600327924345e+00 3.439186730425209948e-01
1.000000000000000000e+00 1.423960080229015990e+00 3.967804676893929905e+00 4.293588193635111239e+00 2.602006430701074624e+00 4.975551412633623549e+00 9.385402646901210844e-01
1.000000000000000000e+00 1.360421679993366828e+00 4.111716323086230140e+00 1.516325044375242070e+00 4.915807154618486052e+00 5.887190921020061474e+00 5.800667565357180422e-01
1.000000000000000000e+00 1.356283638826293103e+00 5.905889183811472876e+00 1.862619384731810435e+00 1.612489309829946205e+00 5.821766170179932587e+00 5.128957794278180549e-01
1.000000000000000000e+00 1.060542376174437251e+00 1.950538248918638029e+00 3.839871486580402671e+00 4.174533295765813889e+00 1.818644789395854833e+00 8.844655545994375423e-01
1.000000000000000000e+00 2.748516148729247988e+00 3.607298193607359593e+00 2.298354194752069812e+00 5.106250772798521353e+00 2.891578035826297466e+00 3.689304094162818570e-01
1.000000000000000000e+00 1.925977839337339681e+00 1.808357181184809370e+00 2.737593976568772902e+00 5.777240957190337589e+00 5.906916671206400515e+00 1.208036789523000420e+00
1.000000000000000000e+00 1.870546676670421737e+00 3.384500532339850043e+00 1.251747634846766211e+00 2.234805834959462612e+00 4.148417976296014942e+00 3.091408804146533185e-01
1.000000000000000000e+00 1.491978248566986576e+00 4.591655876860019525e+00 1.263826289298012995e+00 5.298226726763032524e+00 3.080804732030788529e+00 3.373894545781199739e-01
1.000000000000000000e+00 4.821863311108679717e+00 4.203075917744437007e+00 3.289644972170139514e+00 5.269714410709264385e+00 5.930883986418473697e+00 2.545728963484021889e-01
1.000000000000000000e+00 2.325232141625019899e+00 4.333002395233096493e+00 2.132608130180528416e+00 1.066144064526469926e+00 5.104245046315643464e+00 4.101656426795970978e-01
1.000000000000000000e+00 1.104724805154563949e+00 1.813498719042829332e+00 4.069851531626163421e+00 3.558902282847403509e+00 2.407386512254596767e+00 9.890574041126358740e-01
1.000000000000000000e+00 1.410858337382136618e+00 3.825426562263781527e+00 2.264290591250555984e+00 4.847212897107784357e+00 1.350343478605947389e+00 3.918421939978894986e-01
1.000000000000000000e+00 2.477223887387101087e+00 3.494478322679709592e+00 2.796043734913451928e+00 5.546010681032434775e+00 1.601890747527669134e+00 2.740589998462062415e-01
1.000000000000000000e+00 2.028436310977775658e+00 5.630970342158909681e+00 2.754095546675078054e+00 2.420921478558643702e+00 5.214727412280986130e+00 5.636940006324007157e-01
1.000000000000000000e+00 1.606932090797032142e+00 2.143383898018043965e+00 2.812798982795472469e+00 2.444842624605292336e+00 3.229433099299038989e+00 5.605393924014642204e-01
1.000000000000000000e+00 3.651510666245791459e+00 5.240210448007419863e+00 1.423441709376534137e+00 1.799398816832206816e+00 2.806080294879058634e+00 1.472429958372323267e-01
1.000000000000000000e+00 1.209756117158181432e+00 4.644307211349734565e+00 3.333465604422042095e+00 4.456233318929946563e+00 4.186510782690119115e+00 8.942742134847148083e-01
1.000000000000000000e+00 2.464110183504823581e+00 1.145848818226322230e+00 2.106193482230319880e+00 3.516725653030770005e+00 3.673997331405962186e+00 5.598336839578397228e-01
1.000000000000000000e+00 1.640478731831000125e+00 5.966275077114819858e+00 5.662774392096560305e+00 2.886815883983254061e+00 5.432977207511991757e+00 8.981517623994174082e-01
1.000000000000000000e+00 2.691337529972491982e+00 1.224556494978079169e+00 1.593218828707901658e+00 3.067582651449795694e+00 3.054712761750549621e+00 3.493893091533443740e-01
1.000000000000000000e+00 2.123078059219259739e+00 2.858620332011716059e+00 4.419332259176716349e+00 2.369940497349859232e+00 4.150093403094136768e+00 3.703757999935065048e-01
1.000000000000000000e+00 2.860835119187566722e+00 2.962290931147400386e+00 3.657860763433656182e+00 5.778247336332446693e+00 3.086914709002366308e+00 3.216656909994290436e-01
1.000000000000000000e+00 3.160384414720979862e+00 4.771324866735113801e+00 1.163295303922479373e+00 5.768163039148447524e+00 1.721560218437407475e+00 1.986608702582580155e-01
1.000000000000000000e+00 5.715379188723537673e+00 3.885612930191603809e+00 1.806094059875612778e+00 1.895474696640907730e+00 5.367671321226072934e+00 1.898006055023316874e-01
1.000000000000000000e+00 1.607506881504590313e+00 4.937745429293896038e+00 5.855754536841429214e+00 5.738898489846149253e+00 2.057533746408840347e+00 2.711565740516054812e-01
1.000000000000000000e+00 1.987352449299686574e+00 2.255006916311501186e+00 3.810944055322625701e+00 1.705995317685924606e+00 4.680177002130327502e+00 6.016464645581327542e-01
1.000000000000000000e+00 4.229054063276030284e+00 2.792892307624365689e+00 1.342252262830083920e+00 1.543412696873460277e+00 3.530223462059182804e+00 1.656707352085895479e-01
1.000000000000000000e+00 2.429533946195800542e+00 4.283155368539380170e+00 3.088334979084973675e+00 5.906287886956384625e+00 1.812555326487281349e+00 3.158769758494097690e-01
1.000000000000000000e+00 5.079734694843086373e+00 2.201994564467534499e+00 1.581792425822479364e+00 2.908082495545674995e+00 5.798728607309846517e+00 3.040725065316996489e-01
1.000000000000000000e+00 2.261205100866807705e+00 3.529789538674658278e+00 1.384015241572107646e+00 1.960080423700183649e+00 4.811806068535863901e+00 3.293530917866256402e-01
1.000000000000000000e+00 3.725134594484691419e+00 3.908111464945967839e+00 2.276681868816220700e+00 2.673945209453395755e+00 3.113433098287128331e+00 1.007258208045854336e-01
1.000000000000000000e+00 5.923348697622540904e+00 3.183070948843830461e+00 1.529371591065646463e+00 2.568515623785780910e+00 4.590340806004304497e+00 1.752733091544847466e-01
1.000000000000000000e+00 1.215868678985058349e+00 3.583491926131338712e+00 3.065862586038597737e+00 2.779788867353202519e+00 4.661096031561111630e+00 8.760201524715621746e-01
1.000000000000000000e+00 1.658643867272809658e+00 2.412480329864261197e+00 4.290799121487867573e+00 3.982335377067718341e+00 5.065710022408627111e+00 1.118365602961106875e+00
1.000000000000000000e+00 4.629899549926477675e+00 2.765251958001512023e+00 1.350540698206284862e+00 5.071919603345407701e+00 3.942156202267261378e+00 2.604965812068266162e-01
1.000000000000000000e+00 2.067556831553359675e+00 5.732282565752027104e+00 1.908894336086809584e+00 1.661343575492408409e+00 2.183602379269164562e+00 1.961582569270349519e-01
1.000000000000000000e+00 3.529263464759145208e+00 5.462791137432372324e+00 1.784063526584028558e+00 1.983440986564115160e+00 4.140152322847685085e+00 2.505269576237019180e-01
1.000000000000000000e+00 4.664007723831252505e+00 4.901827515034408833e+00 1.209576083581287653e+00 2.499487964972681109e+00 3.078138910145775675e+00 1.458533983919791943e-01
1.000000000000000000e+00 3.951738452293864334e+00 3.487699260730511064e+00 1.841018278832590838e+00 4.004727422688595162e+00 5.335058034553002315e+00 3.720638972789320764e-01
1.000000000000000000e+00 3.825109964295080545e+00 1.930679488766739560e+00 2.156903181884239906e+00 5.119988259399891106e+00 3.439500976396509202e+00 3.219428283351362108e-01
1.000000000000000000e+00 4.805607685215790070e+00 1.355791425867164168e+00 2.102230021227094792e+00 1.900793238663096130e+00 5.978225883371746541e+00 3.205180821752934839e-01
1.000000000000000000e+00 1.046658099135466369e+00 3.534602189809173289e+00 5.582102722660331473e+00 2.714648313795979373e+00 3.829258937053359624e+00 1.107512663649798501e+00
1.000000000000000000e+00 2.233394322608114990e+00 3.047060359085091541e+00 4.177071784309549507e+00 4.419350624545160144e+00 5.583780015593733381e+00 8.568899301392282064e-01
1.000000000000000000e+00 1.495890497936079644e+00 2.660955165578022807e+00 4.761989411518939619e+00 2.580506557734852713e+00 4.593496329863979710e+00 9.361602471648613477e-01
1.000000000000000000e+00 4.079927251300895286e+00 3.695472763680043293e+00 1.732181283014080586e+00 1.735816255474726510e+00 5.574210749258273090e+00 3.039299355650328383e-01
1.000000000000000000e+00 2.776922843428696996e+00 3.126140927188469476e+00 3.701482658951536386e+00 1.448797502800785786e+00 5.761320072666861414e+00 4.491386198682280617e-01
1.000000000000000000e+00 1.026148067714563794e+00 4.827733752579304038e+00 2.895202426915175042e+00 3.419301094321557155e+00 3.714702222446638835e+00 7.532186464268356696e-01
1.000000000000000000e+00 1.176556774701195351e+00 3.082829142411460666e+00 2.255846337742006380e+00 2.538395447389742543e+00 2.879106095039704716e+00 5.258745893350111889e-01
1.000000000000000000e+00 2.012402800826186944e+00 1.273172100004861473e+00 3.420102862547020450e+00 1.808472766369934259e+00 4.114770220916908805e+00 6.115491091099376497e-01
1.000000000000000000e+00 2.839703756510422394e+00 2.130626656248359563e+00 2.542341407447420210e+00 2.028971884947108784e+00 4.889924857854683893e+00 4.430556713723556306e-01
1.000000000000000000e+00 1.744440251662223496e+00 2.519712561275136764e+00 2.626055981381056448e+00 3.733386324486558827e+00 1.822830292146674580e+00 3.630222791238134072e-01
1.000000000000000000e+00 2.528021077451074294e+00 2.152083310586749398e+00 1.196347071208261559e+00 5.422393637983796033e+00 3.031661154818839243e+00 3.161153727776720990e-01
1.000000000000000000e+00 5.383253809141002932e+00 1.007369110431556969e+00 2.359993026721780129e+00 3.769966277515654607e+00 5.632926916091905767e+00 2.809307380561464895e-01
1.000000000000000000e+00 5.981671688136236398e+00 4.646723970439981422e+00 1.031895217032953393e+00 3.672796095781543535e+00 4.552109075062058530e+00 1.858522332282949718e-01
1.000000000000000000e+00 3.965221670933920528e+00 5.242126895452623891e+00 2.729030492052125112e+00 2.860411274814479654e+00 4.332036523474594780e+00 1.559114078950422366e-01
1.000000000000000000e+00 1.016091318021393519e+00 4.563106665492564495e+00 3.001061379248359806e+00 4.689638844994001410e+00 5.829183344037917713e+00 1.173444478530140334e+00
1.000000000000000000e+00 2.777465052206786744e+00 1.908069838783013283e+00 2.329642253160594034e+00 5.404475802723762712e+00 4.240151590276070692e+00 5.687327008924780714e-01
1.000000000000000000e+00 1.464953199115660798e+00 5.509700983745750236e+00 1.128847993821755713e+00 2.285313460946043485e+00 4.587806913242678419e+00 2.934563011886369144e-01
1.000000000000000000e+00 1.324267972414841843e+00 2.965976005139611349e+00 1.601937893945445168e+00 5.596040155268625860e+00 5.462345469760058414e+00 7.409112954829877307e-01
1.000000000000000000e+00 3.807422939797618699e+00 4.305071271236601049e+00 1.905916395250414119e+00 2.710663000559474511e+00 2.654573828900975929e+00 1.142261038094025682e-01
1.000000000000000000e+00 4.017438332982274041e+00 3.722484795519325651e+00 2.113380395615424678e+00 3.224262164137704278e+00 5.940069810327107902e+00 3.980672805547607052e-01
1.000000000000000000e+00 2.349103600641071488e+00 4.903158587127785850e+00 3.085967092822882396e+00 5.547742365060692293e+00 4.423625819405023307e+00 6.250767568991040246e-01
1.000000000000000000e+00 3.491278411317268127e+00 5.761108928487972847e+00 1.854682012104241551e+00 4.810872935908223624e+00 2.194988401057756722e+00 2.133776966332067704e-01
1.000000000000000000e+00 1.385291395671655934e+00 1.212111491034458588e+00 3.090723940813998372e+00 5.059033591754431569e+00 2.406422817765170308e+00 1.278028384452746913e+00
1.000000000000000000e+00 1.292754646219895998e+00 2.326630687777334838e+00 4.786414891377503977e+00 2.709245209586290670e+00 3.055636391296896015e+00 7.076359568731531713e-01
1.000000000000000000e+00 4.924484885557337321e+00 2.482799561029653379e+00 1.420638311296914313e+00 5.242358872031323003e+00 1.098257413734239130e+00 6.490560626889352314e-02
1.000000000000000000e+00 4.538404673704579118e+00 4.572120820356211368e+00 2.965519537797005167e+00 2.816276758379051337e+00 5.396965284035977639e+00 7.772176977292052924e-02
1.000000000000000000e+00 4.943074823362032078e+00 4.795026412609654898e+00 1.501227818614383036e+00 4.969675667259256358e+00 5.828049156904420158e+00 3.255143178314023333e-01
1.000000000000000000e+00 3.586345282208046825e+00 1.512579820332372371e+00 1.082962403162989418e+00 5.704961612872185839e+00 2.707851935157839840e+00 2.583028631952178911e-01
1.000000000000000000e+00 2.640963768046557636e+00 2.846403851077705216e+00 1.815095569074431037e+00 5.025486560205674635e+00 4.401253441651870268e+00 4.561177491887894453e-01
1.000000000000000000e+00 3.170096830869376436e+00 5.664624312848360432e+00 2.169064165465320659e+00 5.225198244483213017e+00 5.127199478743143857e+00 4.637201746093976840e-01
1.000000000000000000e+00 1.443002148398086160e+00 5.137531599366106150e+00 1.118538768222591795e+00 2.975266689283979638e+00 1.733041501800015816e+00 1.932510848591068586e-01
1.000000000000000000e+00 4.678315571195948763e+00 3.308580719065595588e+00 1.677297683973454134e+00 4.368781148920448665e+00 4.081453741770722843e+00 2.611629036308045770e-01
1.000000000000000000e+00 3.106240266470360112e+00 5.308454518936725819e+00 3.098136914034051781e+00 4.173720705520147511e+00 2.843625777354229722e+00 1.022436339325635685e-01
1.000000000000000000e+00 4.180886823541163366e+00 2.370357946710955233e+00 1.253112361345370740e+00 1.932099024269872789e+00 4.848657091484400716e+00 2.432159339838159684e-01
1.000000000000000000e+00 4.928258090401159919e+00 5.035354519333514745e+00 1.196959168464097001e+00 4.746847183224784494e+00 5.054675963363052915e+00 2.549764205619154400e-01
1.000000000000000000e+00 1.591680954616936594e+00 1.976203014782460077e+00 3.869749330345052307e+00 3.728479844065129001e+00 3.001783134199153213e+00 6.930540988437172700e-01
1.000000000000000000e+00 3.049524448481441219e+00 2.726709761224439088e+00 2.964475544465895229e+00 2.020321942733002807e+00 5.735764680031773644e+00 4.798583766833364184e-01
1.000000000000000000e+00 5.199011428178086369e+00 2.678052271349213420e+00 1.143262137888272578e+00 2.459555867489036096e+00 3.032313589760361250e+00 1.303358151459866332e-01
1.000000000000000000e+00 2.919164759665219933e+00 5.892627341945702923e+00 3.916261961562783611e+00 4.743043542909162191e+00 4.859180176150549535e+00 4.799790865099965442e-01
1.000000000000000000e+00 3.859361356135932564e+00 5.282686118739634118e+00 1.056512682945112358e+00 3.413006178307603555e+00 3.419386322821295288e+00 1.869851663516361173e-01
1.000000000000000000e+00 1.922381265668196892e+00 4.635283808076950507e+00 2.532164113516857995e+00 5.836355951851488477e+00 5.538806218250893032e+00 7.302056608185996112e-01
1.000000000000000000e+00 2.811177208261441685e+00 3.810363972012855260e+00 1.201290015046160509e+00 4.575625099084439817e+00 1.437084039355419396e+00 1.792048721203149120e-01
1.000000000000000000e+00 2.672556443709660723e+00 5.735453335542595177e+00 3.941761104915766367e+00 5.785674162698980716e+00 5.682466656551128814e+00 7.408346689608827917e-01
1.000000000000000000e+00 1.130983542660323860e+00 3.481293764411807601e+00 2.988422072165273669e+00 3.135525226801715970e+00 5.127674207602078482e+00 1.025873876612236835e+00
1.000000000000000000e+00 1.120958819456776112e+00 2.902588549349472746e+00 5.869002066785747651e+00 3.375501703458602343e+00 4.956553571563333982e+00 1.640878231655956920e+00
1.000000000000000000e+00 2.365354049864062169e+00 4.931028261305289817e+00 2.376195905185041646e+00 3.625246701226923385e+00 5.025596043773324695e+00 5.143457567571585454e-01
1.000000000000000000e+00 2.493627867943865262e+00 2.921775192620674311e+00 2.357460012713556541e+00 2.260864387477649728e+00 2.445751672270754629e+00 1.930124446872404920e-01
1.000000000000000000e+00 5.363651252423009552e+00 4.518498898145255183e+00 1.252865519121144189e+00 1.004717076338155435e+00 3.687905690257571756e+00 1.107527501908890655e-01
1.000000000000000000e+00 1.930507089231386697e+00 3.188306640741017439e+00 5.161817698304974833e+00 5.886419115884646835e+00 4.225750416504516771e+00 8.706831715554712581e-01
1.000000000000000000e+00 3.290934433689463035e+00 4.524355050216908758e+00 2.121592794267631366e+00 4.316553547520009637e+00 5.801833873110651574e+00 4.721528232218100696e-01
1.000000000000000000e+00 3.414844360426775971e+00 5.085640710077925952e+00 2.130395355052813411e+00 5.195498493998057299e+00 1.222940463670719957e+00 8.759242473584548383e-02
1.000000000000000000e+00 4.639696534868825495e+00 1.258343608289805626e+00 1.476804606365017758e+00 4.640582186680831889e+00 3.834292166470473440e+00 2.884772818772641800e-01
1.000000000000000000e+00 3.482305761776498976e+00 3.523977991522640796e+00 3.250293197131126188e+00 4.001257050497915024e+00 5.661334419604861168e+00 4.740587565652913948e-01
1.000000000000000000e+00 3.184253513075897768e+00 4.592269736612750286e+00 2.687271394821144632e+00 4.656252946736875842e+00 4.329735830402321461e+00 4.239104616657132230e-01
1.000000000000000000e+00 4.827564494955549179e+00 1.896278059538950345e+00 1.417624573400093846e+00 5.877051838423725805e+00 1.066406017292900410e+00 1.088042358530001141e-01
1.000000000000000000e+00 1.794540838346767808e+00 5.000017408818407283e+00 2.055629712790187025e+00 3.867816400133549770e+00 3.710076492398630243e+00 4.484300307048603162e-01
1.000000000000000000e+00 1.676770411388427640e+00 2.982768409949815958e+00 1.256469244906077920e+00 4.242322784501185495e+00 3.494839721103965235e+00 3.603502525638392351e-01
1.000000000000000000e+00 4.284775781335697253e+00 5.326478794544562412e+00 3.210535173398600062e+00 5.486986591607931452e+00 4.422176805346537343e+00 1.652039023812231222e-01
1.000000000000000000e+00 1.344790081782105906e+00 2.548939296045496405e+00 2.972861576594619137e+00 2.639214189429091029e+00 4.825744249306319844e+00 9.528251968200420752e-01
1.000000000000000000e+00 1.285273605756271476e+00 2.450227659812184378e+00 3.649702934651164909e+00 5.078726903130604597e+00 3.426453170308576546e+00 1.104157826489079453e+00
1.000000000000000000e+00 2.410935373466000620e+00 5.357070170954271404e+00 1.806836791941915710e+00 3.986561891653559009e+00 1.746908181132160287e+00 2.293656210814220553e-01
1.000000000000000000e+00 2.308528418679530070e+00 4.363514971044489599e+00 3.859979391417963868e+00 2.968177601387210540e+00 4.241284770389110115e+00 4.470882713889002824e-01
