-1.968483281386599337e+00 7.684641628572830285e-01 9.556428757689245046e+00 5.877108526405223188e+00 3.222809191647998617e+00 7.340060242782397104e+00
-3.983758593791400848e+00 3.983541512835296228e+00 6.387926357773329400e+00 7.590023977686050749e+00 3.245915798645555128e+00 5.382466431884624924e+00
-8.811981735120286707e-01 8.154030975972650808e+00 2.403950683025823931e+00 6.929050300396456308e+00 7.834584361761673499e+00 7.035087243538336033e-01
-2.385550206285537378e+00 3.348168300761066973e+00 8.795585311974416953e+00 8.642760864087874140e+00 7.990395012596630764e+00 4.272907246579381813e+00
-6.187392751502187593e+00 1.473132097229791526e+01 7.372653200164409171e+00 5.404824672788263840e+00 5.388140743060458426e+00 4.969101769526733214e+00
-5.580931771099309380e+00 5.306304479858729550e+00 8.491983767203794997e+00 9.496534057179520261e+00 9.157937080099697980e+00 7.861920076288141601e+00
-2.746272912405798294e-01 2.888431750575781720e-01 2.911051996104485617e+00 1.354841302316553087e+00 2.253208340058356463e+00 1.369923356837563500e+00
1.421588381699834258e-02 1.073323714137937035e+00 2.636424704863905788e+00 7.350176552641196182e+00 5.791786140476953726e+00 2.893915184812974675e-02
1.087539597954935378e+00 8.970881000993653487e-01 2.650640588680904131e+00 9.327234856740991731e+00 4.699860423406359011e+00 2.224775853666868475e+00
-1.266442905996664869e+00 4.152056696715702877e+00 4.887505167779042203e+00 9.239394678292375929e+00 1.196410570979405508e+00 1.410438189760459871e+00
-4.251231306633038720e+00 5.625088397581625266e+00 6.506676052501415342e+00 7.276782405221559280e+00 9.670549907921953903e+00 5.506107688402542166e+00
6.679547528262625988e-01 1.394185154838352148e-01 3.629301836816963167e+00 9.319565758388772991e+00 9.431402158297826688e+00 4.358279736280116445e+00
8.073732683100978136e-01 2.154580526273701224e+00 4.297256589643225766e+00 9.739524206488310298e+00 1.470320913574213906e+00 1.180276357508491802e+00
-5.269519613111885548e+00 8.100565519409151705e+00 8.066583652537122617e+00 5.267927949917173613e+00 3.341420118658460225e+00 5.671940212218780530e+00
-4.913677405278402688e+00 9.963527357911367233e+00 6.331731119758382320e+00 3.871904259189300923e+00 3.308770561998230164e+00 4.445735236311827876e+00
-3.933186553927321416e+00 2.983933777609213411e+00 6.467903667112945065e+00 1.333068712439433590e+00 2.782878694837661371e+00 7.659711495203229248e+00
-9.492527763181080047e-01 8.903758274730591893e+00 2.534717113185623649e+00 6.366428906338477134e+00 6.087972291144488679e+00 6.975537266997963171e-01
-4.534052210487812928e+00 2.671577313984931479e+00 8.275576133048149430e+00 7.266598982903257564e+00 4.145557348781369278e+00 8.530096501689717670e+00
-1.862474896502881228e+00 7.141523109054838336e+00 3.741523922560336057e+00 4.058874673912595377e+00 2.026862063991400120e+00 1.528015263741458352e+00
-2.863028330053402293e+00 6.221276407451824753e+00 4.961372443656411946e+00 3.837613040475492898e+00 3.258699952062682037e+00 2.994332239792962813e+00
-4.147095500964466552e+00 1.202148242963654035e+01 5.456592191001432113e+00 8.116508483550671116e+00 6.051005094542723839e+00 3.175731446780577283e+00
-5.854863784308887098e+00 9.488544509094573698e+00 9.183883618709039354e+00 6.633022387933081632e+00 2.032919846822957233e+00 5.952328312183094994e+00
-3.157300874381139266e+00 5.032513380176737883e+00 6.962700559185837967e+00 6.542768693640740985e+00 7.505328728876353495e+00 4.325594333599307895e+00
-3.256702414359773812e+00 1.031927396451105672e+01 5.920392514089517277e+00 8.830889865108368042e+00 5.891843956083814504e+00 2.744757894676041143e+00
-1.750066239630995391e+00 3.229361303458667010e+00 9.726261649881026372e+00 8.872315054157795089e+00 5.124705773757908034e+00 3.217536497030871967e+00
-2.672346344549072050e+00 5.588114650457356447e+00 9.053446153848838662e+00 8.189049121962987954e+00 9.511283323002540868e+00 3.837847082887380967e+00
-7.500435596740775424e+00 8.467848840045807179e+00 9.296868115208051009e+00 4.156406339065391364e+00 7.021201035961975201e+00 9.287007304761107918e+00
-1.356800161577464303e+00 3.877727538252000450e+00 2.763845761772306897e+00 4.617378222483178973e+00 4.705889874260576811e+00 1.567864055092640818e+00
-1.055954321240274663e+00 6.072450617642576987e+00 4.498095607205337743e+00 8.863094027677048459e+00 1.560457952936970649e+00 9.443917572519059389e-01
-4.247857642125061339e+00 3.565488289069184802e+00 8.458637582367364516e+00 7.914460724780663980e+00 8.257632555095554494e+00 7.349793852926099547e+00
-6.823693530558765374e-01 3.038223514293686200e+00 4.210779940242303176e+00 4.759901039506003961e+00 5.133158898372622403e+00 1.009062648088950187e+00
-3.615946723651372707e+00 9.567401525664866568e+00 5.884264748424236302e+00 7.638240714300023271e+00 8.076503794456296959e+00 3.345346809588643833e+00
-6.548817033668420606e+00 1.475984366995513852e+01 8.219772826786357456e+00 1.994267018182551920e+00 3.327587513992348978e+00 5.879168135420965058e+00
-5.161761789862365113e+00 3.423019710167235274e+00 7.950202923669916544e+00 3.666773084103910563e+00 7.810763551197715593e+00 9.974238178942913535e+00
-1.738742079695129839e+00 9.028195881676214896e+00 2.788441133807551431e+00 3.102469759449189457e+00 5.674472735535435852e+00 1.600136342866523176e+00
-9.774367614649532854e-01 1.176785179205285026e+00 8.339152856093507538e+00 1.160865412600724289e+00 8.900470703368368319e+00 4.994232633634299923e+00
1.993484177403317403e-01 1.810201900642942618e-01 7.361716094628554252e+00 9.889501507624283150e+00 8.916236694563762555e+00 1.426965212176050990e+00
-6.275031254566698635e+00 8.834820945858339769e+00 7.941433120173511995e+00 4.458939824437135435e+00 3.149165902433853415e+00 6.478400451018115014e+00
-2.183370021172286179e+00 8.908479318326460117e+00 4.226191556898453605e+00 2.964284990785577278e+00 9.864906905267876169e+00 2.688031970248656588e+00
-2.631600917774179038e+00 2.255438466745491866e-01 6.609683141448021715e+00 1.804699020810335508e+00 1.586841321344428568e+00 1.614121005762035566e+01
-2.406057071099629852e+00 4.632872813966376846e+00 3.978082223673842677e+00 4.758226982064355681e+00 5.175382391310995089e+00 2.839146687630550225e+00
1.278090027997635936e-01 3.511996704002089409e+00 3.798840895440959819e+00 9.502588200622692938e+00 5.848316181574428008e+00 1.544611478304958874e-01
-8.284383628456586379e-01 3.075335803835680615e+00 7.566455605042576416e+00 6.520702502896368991e+00 1.949263299609675260e+00 1.350790370281312880e+00
-3.734980356729396433e+00 5.613942437165686528e-01 8.984914683186939754e+00 9.920517635232789289e+00 8.398928445402029652e+00 1.635003811732572743e+01
-3.173586113012827781e+00 8.516440984575066153e+00 5.249934326457543321e+00 3.085045312450990451e+00 4.423780067568061192e+00 3.172289189617999661e+00
-1.795570659426610760e+00 3.682780500892193665e+00 7.847065437552076972e+00 6.469631153909731758e+00 2.833898132149201832e+00 2.767314421715034278e+00
-2.494544252311531984e+00 2.754979349469961036e+00 7.938704619591049116e+00 3.076028305459828083e+00 3.584241622761179968e+00 4.856079017066790016e+00
-3.619097024530090412e+00 4.361347726772973665e+00 4.847869165226946997e+00 2.677944359298290777e+00 6.711241757952733700e+00 5.788116046528935854e+00
-6.881601717591319112e-01 6.132991201952546767e+00 1.971022842939740061e+00 4.151127332500570866e+00 4.563734253962094201e+00 6.077223474281560067e-01
-2.898489871687083053e+00 4.646422262482468035e+00 6.727693701374023227e+00 9.721923671267301614e+00 5.797259805215259298e+00 3.796887891040249041e+00
1.747932390795384983e+00 1.843029654057127154e+00 3.829203829686940175e+00 8.954072964670832135e+00 2.421593405518132069e+00 2.697435022504622193e+00
-5.924468202994962240e+00 7.374284447975755441e+00 9.168098265334837293e+00 9.954170403817917290e+00 8.139352153944289014e+00 7.195017137483563197e+00
1.449816244980792757e+00 1.656697694585977931e+00 3.243630062339874609e+00 2.565057242975385510e+00 3.850855093607739921e+00 2.967584903653647022e+00
-4.740776757462835889e+00 3.374412456497370538e+00 7.799960246887438053e+00 7.824146281336822106e+00 9.155289292891897190e+00 8.288981491999614093e+00
-1.366364300965465350e+00 3.281308188730240882e+00 3.059183489424602165e+00 7.264185562484129832e+00 3.492140386400280239e+00 1.526628484707015287e+00
-1.156771490937872571e+00 8.073058776734990616e+00 3.607763076223912346e+00 8.342498124915559643e+00 2.266403752438825858e+00 8.315296560020025707e-01
-1.572449607485942202e+00 3.714961110581590731e+00 8.273083416079753505e+00 5.832769806040722038e+00 9.045907390070833998e+00 2.786457953400643284e+00
-5.553918162117707169e+00 1.190781861855318446e+01 8.233048692092030052e+00 1.823381536579793849e+00 4.962910765315140971e+00 6.144832993738087445e+00
-3.178950809168943792e+00 5.591832028404649435e+00 9.033030986409800178e+00 3.390400383298354470e+00 1.751176764904449623e+00 4.271422297235117682e+00
-5.202790424564664562e+00 3.331226470566980957e+00 9.064821699311439218e+00 9.600863484067780007e+00 5.546860962189744448e+00 9.129506848715067235e+00
-1.871563953997683827e+00 2.932513096126068142e+00 3.862031274746774656e+00 8.759148555389055346e+00 9.704139537332533649e+00 2.763923213859453387e+00
1.060949142128384315e+00 7.316044926304472451e-01 1.990467320749090829e+00 8.285644672523902798e+00 4.759848813475897167e+00 2.255046506777145687e+00
1.792553634758831560e+00 1.725609160907298989e+00 3.051416462877475144e+00 6.897177825751195535e+00 9.856992871328479566e+00 3.500109184905621618e+00
-7.684006074526374519e+00 1.221816262294374944e+01 8.746575249307090516e+00 4.676078917636288246e+00 2.493594057662065211e+00 6.897731400550878078e+00
-1.757728734102438128e+00 8.375467458690111222e-01 4.756699028339010482e+00 7.510781023197264261e+00 2.460100652042314096e+00 4.477346124497870505e+00
-9.201819882334270062e-01 2.879930224862933041e+00 2.998970294236572354e+00 5.462881615708937488e+00 1.113467679781831254e+00 1.002826360879160106e+00
1.959748236629506035e+00 3.487902555950515460e+00 2.078788306003145347e+00 1.729415943168831404e+00 6.037801152745442934e+00 4.053873164169592869e+00
-5.577360947025876037e+00 7.337650154529374191e+00 9.486187335212672878e+00 7.149328872936363766e+00 7.474182601322427288e+00 7.040440252805158394e+00
-3.054504208642954133e+00 8.527876531717954123e+00 7.327170630056600409e+00 5.456318743125768478e+00 7.583468413063260805e+00 3.368373421659992761e+00
-6.395984992050722795e+00 8.605180882653915120e+00 9.662025654479000636e+00 8.422128693326342841e+00 8.371571624754905017e+00 7.474609023739698266e+00
-1.767331764680542427e+00 1.622991425726824311e+00 5.475236553031469278e+00 7.102145373031572007e+00 7.392185187609803698e+00 3.863176886449525949e+00
-2.231581923206413798e+00 7.385678402834690459e+00 3.563564449397208733e+00 3.403254431524791901e+00 5.240511090395331806e+00 2.219915339677528632e+00
-4.060802447809848559e+00 6.105311864689447532e+00 5.524111209059753058e+00 6.926066511925829339e+00 4.220184387928975767e+00 4.288744379047180644e+00
2.044509416879598973e+00 3.622065378690781046e+00 1.463308761249904055e+00 8.655235561848176218e+00 5.447912025252699131e+00 1.858485315634507806e+00
-6.018335957697130922e+00 5.166332790515387074e+00 9.174392973699882603e+00 7.375266790435313524e+00 4.016872426337855018e+00 8.496101024691830261e+00
-8.520031671817438479e-01 3.953024160858802816e+00 3.156057016002751681e+00 8.533119955273047452e+00 2.563854338221694285e+00 8.337630652355456640e-01
3.101020993677058968e+00 1.364758250820280239e+00 2.304053848821007833e+00 7.277243155023552568e+00 7.408126182977026630e+00 5.809453355313746847e+00
-6.692356643391901727e+00 1.056307912644130553e+01 9.870854086995406007e+00 6.567502403936658517e+00 1.905737306711799972e+00 6.659539803198652130e+00
-4.715838642026860761e+00 9.131047883601999260e+00 7.854576537958458005e+00 8.927836832790355004e+00 4.131472704239499194e+00 4.631500022933388472e+00
-3.243898943033456383e+00 5.624603223902392202e+00 7.553947137506735743e+00 1.263225547311032315e+00 7.739437032669758132e+00 6.808349979005775765e+00
-4.009364226183151914e+00 1.071447875599661970e+01 5.821972156672826415e+00 7.691574306624469948e+00 8.573027977762839313e+00 3.521274058090758441e+00
-4.630701875557519998e+00 3.422347884410585905e+00 8.517722460303142284e+00 8.361703217071559280e+00 9.811944442136390165e+00 8.311871284380902836e+00
-1.311690319605812949e+00 6.262750534307112815e+00 2.678666593598688195e+00 5.567209603847525834e+00 2.136382674080524513e+00 9.807376077797365088e-01
-5.948788796229836251e+00 1.040833586057265947e+01 7.098079256580541951e+00 6.552342265381679631e+00 7.176944770174876531e+00 5.670637246363686046e+00
-2.570375547912087555e+00 6.338468684815694587e+00 5.608837524693528920e+00 6.686321743150015706e+00 2.573932934583634591e+00 2.583864183376784585e+00
-4.237257252640125316e+00 8.886399034517395989e+00 6.806555113685048397e+00 6.706051327896502379e+00 3.044616013211633998e+00 3.955748598325465437e+00
-2.737821526217357082e+00 7.687773308143130535e+00 7.218439642922193755e+00 8.018608556360291573e+00 3.513484796089693774e+00 2.813970150103737744e+00
-7.192881401316670420e+00 9.024790063455057521e+00 9.430569898630610126e+00 7.849251122518252188e+00 7.247355161588479255e+00 8.072700431160621193e+00
-2.048335468287024952e+00 9.349316341628787441e+00 4.069597159452326807e+00 9.666928034730950969e+00 3.747796090270581360e+00 1.480151981531213856e+00
-5.574579530992428644e+00 9.192961295863639748e+00 8.896054180428828673e+00 9.388252949590157215e+00 3.735517611166514484e+00 5.729093073501836386e+00
-2.358192497415781297e+00 2.128240398224678920e+00 8.354999801810942373e+00 7.190971500707320274e+00 8.840840340367467576e+00 5.359968651971384723e+00
-2.590184587099993330e+00 1.251438879249020975e+00 5.766855205204058699e+00 3.708672102521346048e+00 8.096026089279687810e+00 7.665059190953093626e+00
-1.338745707850972355e+00 8.575762619177819346e+00 3.176670618104065369e+00 7.373548797807534250e+00 6.984864131283957001e+00 1.057766421681210156e+00
-2.646644996021105811e+00 2.738263048096747809e+00 6.697913115459411593e+00 6.588239659907293877e+00 6.043965678823959742e+00 4.706254183948772152e+00
9.161805207564199804e-02 3.299096886242564253e+00 4.051268119438305781e+00 1.411678304312615762e+00 1.998905222921329550e+00 1.370113796387960048e-01
-5.021025130433150352e+00 5.718423872329235103e+00 6.778284815388589735e+00 7.824368763361203349e+00 9.791202956595933315e+00 6.475769003219303599e+00
6.973987418960847506e-01 5.934930527996105099e+00 1.757259684955439383e+00 1.221282248129213599e+00 1.996485339936841186e+00 7.325071040105756159e-01
-5.375088072386642324e+00 6.205558493631264660e+00 6.457861536936309044e+00 5.397788713641991976e+00 7.659137086902372715e+00 6.688067905373398681e+00
8.304704212446223366e-01 4.227801614933590635e+00 1.082773464549666720e+00 7.933666760270138951e+00 9.262688969792355564e+00 8.734470888836745051e-01
-5.925961667356533624e+00 7.327679875498053441e+00 6.971515921972502028e+00 5.013124357390735142e+00 8.725075091192087129e+00 7.223172374281515928e+00
1.401718208141519595e+00 2.089613433400267617e+00 1.045554254615968182e+00 3.462639996534992992e+00 3.629964074157079779e+00 1.985663291207332426e+00
-3.849227550378366836e+00 8.240416757361151312e+00 6.867651335523405010e+00 2.472614390725022648e+00 1.162059000404090492e+00 3.754484187833288633e+00
-4.274371204656621792e+00 5.067726700618830904e+00 7.409612992127822650e+00 7.243140032033397624e+00 7.540038928632909254e+00 5.894617071495045657e+00
7.933554959622086677e-01 2.996469866666599202e+00 3.135241787471200858e+00 2.986926515098843549e+00 3.742759858475199763e+00 1.135854168652999263e+00
-8.717265546372852114e-01 2.668041157659954976e+00 7.718422646062217396e+00 7.124493718672417764e+00 3.533690785734369566e+00 1.577961302383241282e+00
-1.724494663744511769e+00 9.207560630606659302e-01 8.643010694447601949e+00 3.459335742983884021e+00 2.013223513707433021e+00 5.639263901612157071e+00
-4.271704519566411840e+00 6.738073836648481141e+00 6.114777430019244342e+00 2.359521026028102320e+00 5.866286289804192755e+00 5.723896443292088243e+00
-9.226209183993727692e-01 7.317063996755956978e-01 4.309442227534901804e+00 9.492543281508389441e+00 3.177044454329550849e+00 2.412952479026295727e+00
-1.909145187237770713e-01 6.752102721084035863e+00 3.386821309135529035e+00 4.777545852335101095e+00 1.111636326495833105e+00 1.445013673043799296e-01
-5.219215470771167098e+00 9.709754945364343470e+00 9.757094992772010755e+00 4.578349581665148271e+00 3.711387346840003154e+00 5.666601677997970654e+00
-2.348171362618654001e+00 3.821225460518123285e+00 9.028418996594020030e+00 9.855798831638454160e+00 3.675140269377554780e+00 3.758469096118304709e+00
-2.629567893928106415e+00 3.297969017618609833e+00 8.153301731874835312e+00 9.046892833112210042e+00 7.688738788584430495e+00 4.565519248805281372e+00
-2.675472354187374613e+00 7.420354501358522370e+00 5.432659244369775209e+00 1.280206745960602355e+00 8.670374869520632188e+00 5.143162112381593154e+00
-3.975117775385846208e+00 1.667010211301228395e+00 7.502069037353548353e+00 4.316737093513850709e+00 6.338994130966458584e+00 1.008344256780649850e+01
-2.308107564084617813e+00 7.898514529366043924e+00 3.526951261967702145e+00 8.779224248556733556e+00 9.030722483256869992e+00 1.992182041379308766e+00
-4.215254548501070175e+00 1.108538569301385834e+01 6.809250663164510442e+00 9.713740851232495643e+00 1.710722459717457511e+00 3.389126681547794728e+00
-4.902351209685035904e+00 1.710032456145842872e+00 9.233779511984035793e+00 7.938296601796468011e+00 6.245261515751407089e+00 1.236238061369756203e+01
-3.192318753539193033e+00 1.140807626806891406e+01 4.331428302298999888e+00 8.603049053051989858e+00 9.958937645721789522e+00 2.492759547653064178e+00
-4.501209728433700263e+00 9.347445764970897741e+00 9.354867063289528772e+00 6.635982894682738831e+00 5.693011201392304876e+00 4.915949326913461981e+00
-5.027045070579969632e+00 5.842884599371025445e+00 8.677085099206241381e+00 6.549852830686642591e+00 2.034396973536101605e+00 6.345416556695683497e+00
8.158395287910562566e-01 3.378510957443328078e+00 3.650040028626271305e+00 8.168835618785585950e+00 1.844715563410205927e+00 9.004544490079849917e-01
-4.807931997245212585e+00 3.481068671013546112e+00 8.660230043651711895e+00 2.055773700661550407e+00 7.022802366442705946e+00 1.057483432527853573e+01
-1.326863326231666473e+00 4.812639968181985139e+00 3.852298046406498866e+00 2.126672129822953838e+00 8.463581193850799878e+00 2.413508351416407738e+00
-2.161124797372270478e+00 1.027407158101797613e+00 9.425392967447027814e+00 2.804722540303030698e+00 5.657017165795371838e+00 7.946469384049044571e+00
-4.255962086867367766e+00 8.916438683222978057e+00 6.130550530804284470e+00 1.577880433676206895e+00 3.852519290120073769e+00 4.934475640192191648e+00
-7.649728513809654018e+00 1.105393924795456861e+01 9.910484650938370166e+00 8.178031905734693296e+00 6.417310879136183921e+00 7.816788692753811496e+00
-1.229440087563758333e+00 8.356641967333304777e-01 8.896357647351598175e+00 1.104584859172905720e+00 6.463806208468786174e+00 6.650021260333414119e+00
-3.937758908304278549e-01 4.429909777569989160e-01 7.666917559787839842e+00 1.652021990151030018e+00 6.681767977827898441e+00 2.502386886983297032e+00
-3.086936394906186543e+00 2.493842632308830076e+00 7.322356755883983048e+00 5.319449512454111684e+00 7.323703957769646777e+00 6.284110339591844507e+00
-5.930937625973564664e-01 5.235017563523538087e+00 4.235420360977796506e+00 6.400184933073733262e+00 3.136901215373256502e+00 5.952071140263415217e-01
6.770152806005569346e-03 5.058601623022997984e-01 8.284250399306621659e+00 7.254836975138882593e+00 1.938023225275129047e+00 2.828089303760254747e-02
-3.617083383259801721e+00 3.528648445696157765e+00 9.219164973008242114e+00 1.356569428135214306e+00 6.870018335909252372e+00 9.058177884251954026e+00
-8.843493756364395608e-02 2.759444896079823906e+00 5.602081589748440393e+00 5.324562525320460260e+00 9.554779473275830881e+00 1.663672033383052917e-01
-1.334981233701089565e+00 1.803007752020532983e+00 8.184656610700976387e+00 3.178405142762747104e+00 7.692345245589038427e+00 3.685365237378938286e+00
4.680265183194434186e-01 3.764056112861364767e-01 6.849675376999886822e+00 9.879963339404318035e+00 5.556394535456824713e+00 2.160462210665780258e+00
8.444321296055798953e-01 3.481921827606093700e-03 7.317701895319330241e+00 2.282459886113619163e+00 6.706936282386982029e+00 5.425666660332117885e+01
-4.968091664694274101e+00 5.306381826789948519e+00 9.010048076358096125e+00 6.563401608863071779e+00 3.289524227576622994e+00 6.833826374470812759e+00
-2.534409115191675443e+00 6.893092925589419551e+00 4.380246573759496442e+00 6.036838151382227124e+00 5.252440195058621697e+00 2.421616871961522754e+00
-4.881040804794887222e+00 8.747942503816350523e+00 6.204521268965565994e+00 3.938151774195926880e+00 2.260216877979859262e+00 4.490924054578093738e+00
-2.304930443213629943e+00 5.043558519180167288e+00 5.883801712368189385e+00 4.155642380882627052e+00 3.982123063927456741e+00 2.894984917922575729e+00
-5.042997095669651486e+00 5.104628544961136605e+00 6.317499345121096788e+00 1.707206474395186691e+00 2.764879414645536215e+00 7.048427927481144550e+00
6.163144929148489659e-02 7.005639897902510072e+00 1.274502249451444857e+00 4.572309485814364471e+00 6.497020639681914567e+00 5.559551094819486367e-02
-4.161689273235558595e+00 2.063518114401155401e+00 8.403405045936924722e+00 6.107867634354023245e+00 2.862933205945840776e+00 8.866780196078728693e+00
-2.098171158834403194e+00 5.654815885460679148e+00 4.241715772701366127e+00 7.205184722235391526e+00 5.649153656013811364e+00 2.153090496034259171e+00
-4.987552730415909075e+00 8.651177765315322787e+00 7.929941977887497551e+00 2.507343240331628031e+00 2.971619281916719757e+00 5.488791328992624230e+00
-4.837887097427090666e+00 4.534895403000648528e+00 6.606014282371002189e+00 6.727872245892729808e+00 1.972231787176222273e+00 6.098154351078972191e+00
-3.029916944264425815e-01 4.620047888022305926e+00 1.768127184943911967e+00 7.358281538382110298e+00 4.049745844048764809e+00 2.457856389746070347e-01
8.352441037762670106e-02 7.876286086152735066e-01 5.782191684113332286e+00 9.425910216193209124e+00 6.148437790323707297e+00 2.518373155512184658e-01
7.979528900200945074e-01 1.449893821638763569e+00 6.736869113483859195e+00 5.871667017709634173e+00 3.641399408873094767e+00 1.878377327098285976e+00
-4.135965580452054091e+00 2.395870702212509862e+00 9.782668715162811779e+00 8.838722113714769790e+00 4.573135371134725347e+00 8.799471386712259147e+00
-1.740094878239544229e+00 5.990162374686664570e+00 5.646703134710757688e+00 7.426782389191850520e+00 1.783834901161943431e+00 1.761336219936304293e+00
-4.719185491559665380e+00 6.232438016551721915e+00 8.156675752918333799e+00 4.055051732885254445e+00 2.024545541289412665e+00 5.729223196764084314e+00
-3.244635354270331451e+00 2.766684612929055653e+00 4.950742786350724955e+00 1.721033617462076393e+00 5.566707448460279650e+00 7.176012709455541483e+00
-4.779507413412757977e-01 8.913629782703484494e+00 1.706107432080393504e+00 9.053349904544749194e+00 8.868002722166583141e+00 3.291543424216311076e-01
-2.583191355114853316e+00 4.622637360240364757e-01 7.263767854843282024e+00 6.792199256768724602e+00 2.183402079081834479e+00 1.069299011015873191e+01
-2.120927619090816840e+00 1.969212122492979500e+00 4.680576499728428708e+00 5.737623948425018661e+00 3.472583729675675634e+00 3.692676025367469528e+00
-1.517154965978373404e-01 9.959681960394206612e-01 2.559648880637611867e+00 7.584305695797986857e+00 4.551184680378817404e+00 3.002387412159877034e-01
8.442526994415833208e-01 1.846601199432142959e+00 2.407933384039774527e+00 1.734669838275306297e+00 4.796453606849482298e+00 2.071118660594700511e+00
-3.422371317946095282e+00 9.496753771401355237e+00 6.941776390459581059e+00 8.846052099329815732e+00 6.471146926816333966e+00 3.234347900067974013e+00
-1.952715275706830234e+00 3.008294980475199054e-01 9.593787525968746621e+00 9.782787302372181415e+00 8.414113457991652112e+00 1.201603615788657820e+01
-1.651885777659310328e+00 2.168186021165874777e+00 7.641072250261916388e+00 4.032062125939961383e+00 9.595544603364899672e+00 4.066872717884399080e+00
-1.729086154259061203e+00 1.822644979193688286e-01 6.505486716109170509e+00 8.107286564282311758e+00 1.014085946723256138e+00 1.052874379789505177e+01
-1.546821656339692375e+00 2.520996858690629949e+00 4.776400561850109305e+00 6.928369979507884580e+00 6.727612331650663080e+00 2.561987389234108736e+00
9.741752023509375746e-01 2.642685683967029853e+00 3.229578905510416931e+00 5.483761448078251277e+00 1.460218432978906522e+00 1.165722866752311848e+00
-6.691073596511518673e+00 7.606185963405962092e+00 7.820614994179321933e+00 7.472816004450374194e+00 1.535722303129945177e+00 6.963020699825505311e+00
-6.306299863664714955e-01 5.831654290414278741e-01 2.044653764562246234e+00 9.967005244510676931e+00 7.179309221433460841e+00 1.596827138297397086e+00
-4.746455732504362146e-02 7.380050592553377697e+00 1.414023778195774739e+00 9.773138459321048188e+00 2.030388742593145945e+00 2.382880207793279179e-02
-3.387057015926913550e+00 6.931092446119391681e+00 5.267564461785926966e+00 1.649785680812582589e+00 2.089225004366737526e+00 3.662612207434966294e+00
-2.702429107834954269e+00 5.048277121786575172e+00 5.261245937025091024e+00 5.163606610653847184e+00 1.639068980799299080e+00 2.925292702774520581e+00
-3.181222335653970390e-01 2.274230506458984280e+00 4.904664843141757657e+00 7.544521627896772387e+00 4.192941626523857934e+00 5.201139841199297065e-01
-5.308106769860393648e+00 8.271884213550233511e+00 6.715842857808794086e+00 4.113414932922665912e+00 7.108029610053082870e+00 6.013508287704744326e+00
-1.104512914207337992e+00 4.284695157681448485e+00 6.632739241428127208e+00 1.360982722712342330e+00 1.091180656249690406e+00 1.540338096494806353e+00
-4.461832840837637981e+00 3.630541723708639257e+00 6.928242684570505183e+00 4.947538772706313814e+00 6.513161215103372648e+00 7.334832944702281310e+00
-8.312911171289987244e-01 5.977945894381969438e+00 2.466409843732867202e+00 7.527318943736228896e+00 8.863287341197105818e+00 7.888784289679446893e-01
-5.543171708982243651e+00 1.057655014556881667e+01 6.781773503856840080e+00 8.860809142734945354e+00 2.085025747633212134e+00 4.592733450342708856e+00
-3.282804571941706939e+00 1.597066306917493073e+00 9.462072172824617766e+00 3.491450175115464294e+00 5.805707252929874329e+00 9.394784931747876655e+00
-1.685738265024213867e+00 3.981802895146695498e+00 6.179267600882910827e+00 6.331152957340259846e+00 2.279234114141118983e+00 2.222342922027088719e+00
-1.665317951557528708e+00 2.451593040977293469e+00 6.789593965981178592e+00 2.895959701050998980e+00 4.798308341148750600e+00 3.447683725529570697e+00
7.862750894197647611e-01 2.776357085725546625e+00 5.124276014423649883e+00 6.606699252071345008e+00 3.655366368887406292e+00 1.183537879669656956e+00
-4.998259538781757882e+00 1.017405087299001742e+01 9.473183278988726030e+00 7.598017201737528481e+00 6.194798980610957351e+00 5.238126596329151674e+00
-6.386035564500906148e+00 5.248167059273727730e+00 9.148155777604573657e+00 9.181292685990769087e+00 6.027781568053828032e+00 9.036377200946130728e+00
-1.137868505227178861e+00 1.420618809747529632e+00 2.762120213103667954e+00 2.617147979832177729e+00 4.088506178553924286e+00 2.483989537564713412e+00
-7.430055815328922009e-01 1.428995797472300211e+00 1.907002012396839863e+00 9.742555846374756356e+00 6.870624837327456547e+00 1.175738559411368955e+00
6.859902159394080101e-01 4.611084098004448073e+00 1.163996430863947662e+00 2.628792574385407921e+00 8.610439266909160949e+00 1.314522216564327106e+00
-5.506363124605150539e+00 7.736445961106941382e+00 7.147060960747211311e+00 5.430500708032313106e+00 4.869379696511333400e+00 5.956457104892002974e+00
2.230082836501790844e+00 2.503014289579447826e+00 1.640697836142060773e+00 3.225079669628593493e+00 7.056699601549891732e+00 4.213413131769695674e+00
-7.394430377102657381e+00 1.451519929878064730e+01 8.603877798725090287e+00 5.007747295023989409e+00 3.756821489003914216e+00 6.189380342405124580e+00
-4.793523370339823231e+00 3.320313845974129929e+00 8.330216343300422821e+00 4.233100324597891095e+00 5.017775647614239887e+00 8.673063752462663700e+00
-1.473209524365693301e+00 6.680360564048141825e+00 3.536692972960599590e+00 6.336557662914346523e+00 8.185423064665172888e+00 1.463441857742886709e+00
-6.101488672583998962e-01 2.846911367982920993e+00 7.270634488277355700e+00 4.519733829865846708e+00 8.718061038951553599e+00 1.233752292152363150e+00
-1.281608727508505297e+00 1.897297706737170131e+00 8.897248121743476901e+00 3.323200894310147646e+00 4.878866984619666169e+00 3.233290393001695406e+00
-4.693017220321878291e+00 3.751661961197625406e+00 8.231328373463636439e+00 3.926710578022253983e+00 6.239788719347024504e+00 8.293428604655742831e+00
-9.413552591242528855e-01 6.099932129874472864e+00 3.538311153141758147e+00 7.961258131179405950e+00 4.340551810938648281e+00 8.274233529278965937e-01
5.059798886376505322e-01 1.147053735963034171e+00 7.755532764767725240e+00 9.728389405706902693e+00 7.350272763794421849e+00 1.443844112785295009e+00
-5.200987185803222168e+00 4.835590865735432509e+00 9.914546278006060476e+00 3.124454170118175611e+00 4.370975983181091706e+00 8.498096951685079503e+00
-3.653963200677896594e-01 4.004950194610712444e+00 4.713559092202838308e+00 1.661470725970113804e+00 2.501741815288775150e+00 5.230371387880036194e-01
-3.920484784400811051e+00 9.230068852555731951e+00 7.987716646677971433e+00 5.677965537004158847e+00 2.283347296737178844e+00 3.830721778257963894e+00
-3.864768520211941727e+00 6.761661883960252695e+00 8.725714766587106652e+00 4.877987712956253219e+00 2.390137725009914060e+00 4.636865980683872124e+00
-5.862771047238748423e+00 1.305763238783145397e+01 7.790885866762141454e+00 7.360994951969011879e+00 6.732120857092689370e+00 5.060211252150956796e+00
-3.575704808085385267e+00 6.466550651024345342e+00 9.122976160116099464e+00 2.508572946594858966e+00 1.645406999628859168e+00 4.552464783468344045e+00
-4.557670785694168281e+00 9.736933432884466555e+00 8.438117194969674273e+00 7.627618135590764403e+00 3.800957455570542098e+00 4.493381004911738863e+00
-4.556893947858336347e+00 1.151617702573553892e+00 9.059709056465804267e+00 5.271677881748324523e+00 6.452013245074213366e+00 1.450785617305950304e+01
-3.405276245284782455e+00 1.145617516973547012e+01 4.502815108607467920e+00 8.597534040722774051e+00 4.281343553777859690e+00 2.370985836453130879e+00
-7.326857696698171551e+00 9.379100343936702444e+00 9.148437787773373131e+00 6.268189279570769656e+00 9.892323695400326855e+00 8.484503930108648007e+00
2.052242647238531781e+00 3.624492317904977945e+00 1.821580091075202024e+00 8.814441524619327950e+00 5.086014590765033816e+00 1.915741408550800218e+00
-3.394523329328430705e+00 3.920117245747048784e+00 9.555464322438005809e+00 3.427746503652906451e+00 5.370307296934580421e+00 6.168695409849797251e+00
-1.650525211723315344e+00 2.534124592010185140e-01 6.686534909528193182e+00 5.780525752009287643e+00 5.549096061194049412e+00 9.695500834088973008e+00
-1.397112752522296830e+00 1.716196715568959696e+00 5.036009697804877838e+00 9.429451230654652960e+00 9.676156664059320178e+00 2.880931747625096850e+00
3.190839630466628662e-01 2.775601233317439132e+00 3.638896945282581008e+00 1.354091866016586820e+00 4.457860416872201803e+00 6.958887195684396731e-01
-6.285708357712771921e+00 9.914636172597791841e+00 8.106563285150985010e+00 5.565113278195531699e+00 1.210168866953673206e+00 5.836205020451894931e+00
-3.931753902173434234e+00 8.359485002937255160e+00 5.449782742323233009e+00 2.335088808658799753e+00 5.126707079937015799e+00 4.453495302285313429e+00
-9.719854285532267824e-01 4.987548561017531412e+00 5.945759940913619701e+00 9.686068267924410335e+00 9.100748647148327208e+00 1.228958784821445382e+00
-4.831102531855989035e+00 2.726470566735733403e+00 8.989337644824697549e+00 9.566306068809151242e+00 9.603269460597873675e+00 9.751841825625783500e+00
-2.104631965120255632e+00 2.337953955747325452e+00 4.158235112968708513e+00 6.752079440339503691e+00 3.825700456396175397e+00 3.189260131759708461e+00
2.333219906270698196e-01 5.333348556354657433e+00 2.053603147848452881e+00 8.811264650680199040e+00 8.995633050778131690e+00 2.167583242218757700e-01
-4.653858484741236978e+00 4.500715654671101795e+00 6.563962569846349737e+00 5.399619222312281863e+00 9.856118468894178974e+00 7.183150727928492962e+00
-1.531428300701354051e-01 5.704903758167238159e+00 1.910104085105112315e+00 7.001778317914938654e+00 3.595648940368711521e+00 1.124376346072691601e-01
-5.653855125854337693e+00 1.239572860218980210e+01 7.308722183132079664e+00 1.269762308854101462e+00 4.505337054121783424e+00 6.449017967828960529e+00
-5.624041018631367628e+00 5.655441419620997223e+00 7.356180044408465513e+00 2.816681069106535151e+00 5.872668466128266651e+00 8.232154414836831080e+00
3.140040098962937343e-02 8.084816378754224431e+00 1.732139025777097885e+00 7.060891899924255810e+00 2.387305388606383971e+00 1.737119764309367348e-02
-5.511319044705496495e+00 5.478661206502431824e+00 9.879756206510579730e+00 1.845106442104765598e+00 5.875343311690036430e+00 9.786394788201723927e+00
-3.265783820306467078e-02 4.012074619918569951e+00 4.368437161805083235e+00 7.053419064026136276e+00 7.857116313443830435e+00 4.276703479170847894e-02
-3.394067397552233523e+00 7.592375780620108650e-01 7.780403667330475059e+00 8.543037606832992736e+00 2.751614530343847509e+00 1.131485965969789653e+01
-2.634829819490222658e+00 8.877645612549136089e+00 4.386336269778241537e+00 9.501527975266208514e+00 1.518828239791223833e+00 1.919552623795917956e+00
-1.968683995724686220e+00 7.610438313252272380e-01 7.994322243346931423e+00 5.474572876075845862e+00 3.432229229177049312e+00 6.880994504544266199e+00
-1.207640164399458982e+00 5.546831547029297482e+00 6.025638247622245203e+00 6.560625161810924588e+00 9.697756472797665950e+00 1.567456828539046443e+00
-7.156412125097262766e+00 1.058926072295963294e+01 9.157189465852624721e+00 6.135487719749467495e+00 4.125493351274568177e+00 7.143593610324996845e+00
-4.331443135710960846e+00 8.447206110751325880e+00 5.433625938617732132e+00 9.378538259562800405e+00 2.252770312111259443e+00 3.627501344848402365e+00
-3.711216296810600390e+00 4.273848062086711863e+00 5.217945777947136321e+00 7.088620471995218608e+00 6.636108892789574831e+00 4.836399431222437428e+00
-1.162502541870358286e-02 4.796781523469332953e+00 2.069361246412647404e+00 6.929969232093914577e+00 4.616009205888918387e+00 1.009323443364215124e-02
-1.464085027514372861e+00 4.873319077910813313e+00 7.714403913388809819e+00 1.959337272771916494e+00 6.610653623434960657e+00 2.647699667178729843e+00
-5.285717720557540744e+00 4.483291281380950899e+00 9.659552936270877410e+00 9.994723531935999716e+00 6.585944318421256938e+00 8.287877728099251939e+00
-8.024264391765898452e-01 6.048409816344985757e+00 4.373835215713336666e+00 1.433908349745004251e+00 2.811808970401899366e+00 9.882905904036528577e-01
-5.805029607030069094e+00 1.246166991532049728e+01 8.817392153705142732e+00 4.662171646505835376e+00 1.355135796018093863e+00 5.043964767403527283e+00
-8.559612582757154087e+00 1.717913175091755562e+01 9.669002854965501825e+00 8.041469356524460821e+00 5.887221255618968918e+00 6.907841587676690764e+00
-8.340470232813565588e+00 1.597231904854102069e+01 9.728909440368751049e+00 7.646042883261938705e+00 9.676259624489624400e+00 7.356095657150866884e+00
-3.270978041505942180e+00 7.458351224802946433e+00 9.020288023282640566e+00 4.637262894859296658e+00 7.499289119103153212e+00 4.242133004470169055e+00
-8.272514082455112217e+00 1.259303355944840952e+01 9.936683165073702639e+00 7.008340470072262463e+00 8.829722436829165133e+00 8.280120353696945656e+00
-4.015842223040550607e+00 4.972549368726573604e+00 9.723722820571889969e+00 8.180322839727709905e+00 2.123387325701634687e+00 5.765602872832898740e+00
-2.170868617951595247e+00 3.728021755798207160e+00 7.261738200861554304e+00 2.081881498335476088e+00 8.893815229163699598e+00 4.812208466682926122e+00
-3.891939134486692708e-01 3.240787200559668513e+00 6.648022720756570969e+00 1.051827944483094246e+00 2.339163724646040610e+00 7.438963890912171362e-01
-7.701404671345779995e+00 9.821055954602732285e+00 9.110422094418900940e+00 4.298153813842580995e+00 9.828886403464165866e+00 9.279390373771219558e+00
2.119651283256951846e+00 3.905383367102003955e+00 1.409017423073120945e+00 4.565554224483298285e+00 5.350666923758319982e+00 2.332165374233915678e+00
-3.911463279946830518e+00 5.391745885089244794e+00 9.012374055018247176e+00 5.038242603602776093e+00 4.377969171276416382e+00 5.544596993113937167e+00
-3.084762733383636935e+00 2.281422524067294511e+00 6.581193380213830935e+00 4.359266124664060271e+00 2.829007819774785659e+00 5.755914605112424809e+00
-8.033402093163424240e-01 3.283535416262330031e+00 3.496430646830194000e+00 3.045426645368363161e+00 7.856183722399275204e+00 1.440591573723654095e+00
-9.931155922253642743e-01 3.065850546648738018e+00 5.173285644459839183e+00 6.431037340432401272e+00 5.601479159806760144e+00 1.507254437784472101e+00
-4.553293273972984778e+00 1.262323481028361982e+01 6.252905006657848652e+00 6.575413114086530619e+00 6.195511263098181232e+00 3.687550323768103322e+00
-2.592441274138719720e+00 1.133853145058096423e+00 9.875896700316426191e+00 8.770002846146427444e+00 4.668257877164352365e+00 8.063390170670500012e+00
-2.039118750520133361e+00 6.577525381305721730e+00 5.824867297097083174e+00 5.312636898667578933e+00 7.880750151892458533e+00 2.407589744115067987e+00
-4.699028098880891235e+00 1.143382030522145243e+01 7.162580552984913140e+00 4.421760569072713309e+00 2.804270639755625183e+00 4.048487354000206651e+00
-7.955094741360628774e-01 1.940873507454858427e+00 9.198344660444583099e+00 6.221551323045990678e+00 8.685657702598799546e+00 1.994658031081793181e+00
-2.016723644132076387e+00 1.005984832058945955e+00 9.548199219627315770e+00 6.471145835141001612e+00 8.622719687863543925e+00 7.080211583124701669e+00
-1.756549436806539077e+00 6.386918460377088991e+00 6.520736763422108950e+00 8.316871648444841725e+00 1.562118342571642948e+00 1.825979067645918663e+00
-7.387606974547971106e+00 7.217941714067534598e+00 8.794575005503675769e+00 1.164093244087254675e+00 5.593892401038090156e+00 1.261033565808797796e+01
-1.696652604804365083e-01 3.320532791907615078e+00 1.406968030955704663e+00 2.762001871151914756e+00 6.639332599838891902e+00 2.991305579154806549e-01
3.150867531427178569e+00 7.559421437068705174e-01 1.237302770475268154e+00 1.068065874803278970e+00 9.337443460570780118e+00 3.251358384235016530e+01
-7.531733143902746619e+00 1.152515756214020826e+01 9.885485163834500710e+00 3.191340669186693457e+00 7.189498381875045752e+00 8.565058771711688834e+00
-1.919158728490022447e+00 7.220370599142258428e+00 6.347176438169215729e+00 1.542406512606047553e+00 7.232791883833971980e+00 3.128750441459974052e+00
-1.150159272110050424e+00 1.116047306288912466e+00 9.729229580331429261e+00 4.164604185156710159e+00 3.694560295345131085e+00 3.705554664156192946e+00
-3.326719904245508452e+00 2.841856987129762757e+00 8.544958342400240880e+00 5.372845832676930833e+00 8.239934869115545624e+00 6.803927500013267959e+00
-1.953284177518012310e+00 9.228406093955147327e+00 3.460663647376356344e+00 3.765609684336578944e+00 9.617032171342865254e+00 2.078869897933100841e+00
-4.663923041247812762e-01 2.147742281529259500e+00 8.782501386295479051e+00 5.852451490077290153e+00 9.980387701137804157e+00 1.126255859217095256e+00
-3.970846183241501848e+00 5.892847569442449362e+00 9.969731533665148859e+00 7.445356068008742056e+00 3.651574567115738468e+00 5.418984997976049378e+00
-5.420693600407925139e+00 7.249457902509988116e+00 8.646826516096703941e+00 2.630344145812122836e+00 7.664285187581672432e+00 7.915073030086251293e+00
-2.892462481427386933e+00 1.031648699039243411e+01 5.054897217790841779e+00 2.632945129260642503e+00 7.780851300312721541e+00 3.208358275619532129e+00
-3.397786460526756258e+00 7.385307370648302339e+00 6.455571710057920853e+00 1.961892307852694639e+00 7.895043395160275423e+00 5.156988756305095123e+00
-2.339689701825498069e+00 1.382435693265948728e-01 6.563154164121062450e+00 9.666341877138219019e+00 1.797442425727111548e+00 1.657774787455730348e+01
-2.201446132498903197e+00 7.223586563037438069e+00 4.223464462295564381e+00 5.351910820479322872e+00 5.388650287004898232e+00 2.084616758425587690e+00
-1.361389452201056116e+00 3.629485669687670502e+00 7.044158760335196057e+00 5.952038879406355676e+00 4.667887279291877078e+00 2.107748419456799915e+00
-2.269394015612814286e+00 5.257556008471734543e+00 7.950865525620754326e+00 6.698362380346201128e+00 1.594088597262174112e+00 2.874309454532678831e+00
-2.702471953896490753e+00 2.783752148744597754e+00 8.669633502866860297e+00 6.414506381316980921e+00 1.998982889121833528e+00 4.940640000332792603e+00
8.128019484810700135e-02 2.760160485258521312e+00 5.967161548970369545e+00 8.372699734841111407e+00 8.274116890082998665e+00 1.393012407627605420e-01
-4.258536628013531278e+00 1.833327888157724406e+00 8.889882423925104860e+00 3.052717947540392274e+00 1.650848277321447455e+00 9.947970695274667818e+00
-2.425208739855806872e+00 1.478115770620090919e+00 4.631345795911573582e+00 2.908403559174039810e+00 9.596036865625313439e+00 7.351166666348277090e+00
-9.470929692357159535e-01 7.484284183478235875e+00 2.206137056055766710e+00 6.498828899658925629e+00 5.703189394030706794e+00 7.187446254694012104e-01
-1.213449338881388506e+00 1.967381289593218341e+00 7.796235301062570677e+00 8.558751725800483712e+00 1.691758677485471596e+00 2.476815147534147776e+00
-4.420040459312815528e+00 3.730706286013546702e+00 7.336717912893012006e+00 4.180792413724462975e+00 8.150639900416738470e+00 7.845502150614834136e+00
-1.096441289269990182e+00 4.120827327518425065e+00 2.227343280280927651e+00 8.024729637194756293e+00 1.452034103175763757e+00 8.715816011720010081e-01
-1.779062775794106877e+00 2.186140668110077456e+00 6.309259181691698082e+00 4.813644282838865252e+00 3.657614446431489696e+00 3.386314599820371196e+00
4.070778923159705798e-01 3.793076059914202602e+00 4.530196405897591205e+00 7.007949093623234482e+00 3.091458907504430531e+00 4.881980410373283896e-01
-5.003129047234032178e+00 6.494735246462626677e+00 9.137428250443734967e+00 6.614733922089157225e+00 8.231344689671962200e+00 6.742526126090689687e+00
1.491606199228594498e+00 9.353655130033962095e-01 4.134299203209702789e+00 5.065909108635062275e+00 9.363052482686684996e+00 4.537834255393326188e+00
-3.483992073778856557e+00 5.513887334938286422e+00 8.052877114670287995e+00 2.512127869703770777e+00 9.154999019192473497e+00 6.115817316883343402e+00
2.029895261159429865e+00 1.325978155104161615e-01 4.568885040891431437e+00 7.631863704497638956e+00 3.893461311230937749e+00 1.324592460310327091e+01
-7.222024284557438278e+00 1.423765158264954600e+01 9.545685612918779483e+00 1.861430999681455534e+00 6.764284379582595541e+00 8.164667291620281375e+00
-3.910241988737604757e+00 1.805394845712385621e+00 9.339288626453448927e+00 6.777743503989394291e+00 6.431437864390407988e+00 9.797150646572699628e+00
-2.104847143025219136e+00 3.912869454478945741e+00 5.429046637715844170e+00 6.463846324799026988e+00 4.220326757021940267e+00 2.777503419441059940e+00
1.808022311453726605e+00 2.880049059971215630e+00 3.324199494690625034e+00 5.920276714426630171e+00 6.830357013914754916e+00 2.616596981968897229e+00
-4.386730331633467372e+00 2.911931978285214662e+00 9.820293177569293874e+00 4.518153963149631913e+00 8.997931722388587517e+00 9.689562325522276254e+00
-1.474798353348252711e+00 4.216641549611210849e+00 5.433562845935826502e+00 6.350287016675557616e+00 5.527755557018527277e+00 1.942341781315534366e+00
-3.539297119846794182e+00 2.060756503821031593e+00 6.700607688850531929e+00 9.890069681933985279e+00 6.272783096081672838e+00 6.986156621784425980e+00
-1.478540616025762588e+00 1.955688160243630236e+00 3.161310569003737747e+00 2.227957773010598164e+00 6.623054765104622099e+00 3.647493641011631649e+00
-7.504946575890958371e-03 2.222166375665883820e-01 2.159917497195842806e+00 4.638868912938629130e+00 7.143554991010621968e+00 4.007975955046162719e-02
-1.176796877659578300e-01 4.636107837150198030e+00 2.367124241610649271e+00 7.458379890923586331e+00 7.425573692559308547e+00 1.194553639469776996e-01
-4.130951943636627988e+00 5.605036733959092743e+00 6.767872703228931641e+00 9.921303943319694341e+00 8.235626567972682111e+00 5.096033494254256446e+00
1.474084790322464755e+00 3.486005348916872748e+00 2.636920759592303654e+00 2.155548605087127090e+00 5.972508706671002088e+00 2.629183983694075355e+00
-3.805440926788254963e+00 5.547805811111648389e+00 9.071095689154105912e+00 7.519049354158670262e+00 2.285883652054705450e+00 5.029105715214556405e+00
-4.457140805874575840e+00 4.636863134337944281e+00 7.008019646689244375e+00 3.467445999038252680e+00 3.442684424020429290e+00 6.255819868365827041e+00
-1.362783622879727208e+00 2.515381644130898486e+00 2.730601169278036977e+00 1.770924246367874932e+00 3.558466836347650375e+00 2.464749621364808796e+00
-9.142186927969060406e-01 1.194471381196851034e-01 3.507313051287627381e+00 3.910344059039686737e+00 1.488988313406134356e+00 5.491763436704350632e+00
-7.947715546772209372e-01 1.082171590769127612e+00 2.593094358490721341e+00 3.039907620042892056e+00 7.737807107135799889e+00 2.437932654586017378e+00
2.874000360919066743e-01 2.773886036297218194e+00 1.798322803813500403e+00 4.194966752487435890e+00 3.858281157350050172e+00 3.497584902468028889e-01
-2.290005446642399356e+00 3.711430730422946134e+00 5.147008912294531946e+00 5.671538118174433762e+00 5.600162253135068546e+00 3.214120576338959534e+00
1.252326688261032217e+00 4.304713317095441028e-01 4.278428749432679368e+00 8.203208570401253397e+00 3.485526020388095336e+00 4.340187662169419980e+00
-5.859744199094397032e+00 1.270062853070588993e+01 7.213553457664287905e+00 5.860107231440595754e+00 1.564206594596792677e+00 4.579528594205641845e+00
-4.915272217878322358e+00 1.204164854729947010e+01 6.651103505418169526e+00 5.796620078962018141e+00 3.221414822817120438e+00 3.958246640215857592e+00
-7.738149966092544574e+00 9.680347160723604460e+00 9.287851604786318660e+00 7.025382596783710909e+00 1.917031492594121644e+00 7.802338957701194566e+00
1.942197194631059887e+00 2.821715490181658126e+00 1.549701638693773642e+00 9.947254250990507529e+00 4.242105269203850781e+00 1.835418532368826794e+00
-5.073648039245529873e+00 5.297102775068527336e+00 7.734337213452925575e+00 7.575854592153214995e+00 3.820131258266288299e+00 6.530438965540143137e+00
2.234547358229970193e-01 1.226650279269048127e+00 2.660689174207395702e+00 5.186850510553463245e+00 8.100392245984064488e+00 5.222664303011569364e-01
1.026457941596754075e+00 1.771281354567175725e-01 4.334248925122437868e+00 6.060671342901188474e+00 4.904356776188765643e+00 6.025536857614022246e+00
-2.244070187644712000e+00 3.086659876715091677e+00 6.564292943772663591e+00 2.577726481218936883e+00 4.395862485668735609e+00 4.122717135689528689e+00
8.425896890703796771e-01 1.721836308935097648e+00 4.320222756127951591e+00 7.210044017385991211e+00 9.676705748410974195e+00 1.749294313167534698e+00
-6.397089617188427724e+00 8.338873290269233962e+00 7.727238443203808593e+00 5.822449160257731293e+00 7.183173398529184794e+00 7.141184165049408783e+00
1.941783673080805572e+00 2.206430100783980386e+00 1.330148826015381092e+00 1.870088046820476579e+00 5.444326364112358263e+00 4.807469459417013979e+00
-3.451764560143798732e+00 3.635688948490644279e+00 9.056861539184794196e+00 4.128143718150838914e+00 7.334713824708980923e+00 6.516772124712058023e+00
-3.824473265329856542e+00 6.886636464682964309e+00 5.789021367387841011e+00 8.159049647107561754e+00 2.502577798724788583e+00 3.692260244531040847e+00
-2.611320865382642076e+00 2.852275411214503897e+00 5.793555398095208808e+00 4.593843242283773165e+00 9.694427546158095765e+00 5.077283273060744229e+00
2.409545458318618216e-01 7.314138435653134707e-01 3.182234532712566732e+00 2.371744119973756781e+00 7.849340112257046975e+00 1.025297006214964446e+00
-3.214916687942066531e+00 5.932988398191133328e+00 4.395557467941603846e+00 9.343008711318658399e+00 7.322864513813263088e+00 3.260620176549882565e+00
-9.956804272797028510e-01 2.040124533912032856e+00 3.898712490248604556e+00 8.578299649387790993e+00 1.948284300257708157e+00 1.456606967401465003e+00
-1.869616983227970763e+00 8.806503323513766190e+00 3.947476169601231710e+00 6.612271192024837596e+00 6.797342993283242762e+00 1.577701495170451551e+00
-2.672413444672617544e+00 3.442002234986586195e+00 9.014745526659055486e+00 7.797433784471271778e+00 4.240454193108805114e+00 4.585792218746903792e+00
7.695887903139686514e-01 2.210314848516699016e-01 6.342332081986437942e+00 2.149421352717113542e+00 9.611198339358574927e+00 7.028909158705569205e+00
-3.703697197574701949e+00 7.755373481154817839e+00 5.485979790361515285e+00 7.378702279686788046e+00 5.119296446433645897e+00 3.508969253710808367e+00
4.476111858209819161e-01 9.797740196500761556e-01 5.833958876366930113e+00 3.728155203507957260e+00 4.318364537783156543e+00 1.309105038633584739e+00
-2.824019351591855909e+00 8.730616068481555914e-02 7.708955267658970101e+00 4.241227667243672173e+00 1.471195181687251718e+00 2.773051999448647464e+01
-2.736713190907040349e+00 4.142473617935486629e+00 4.884935916067114192e+00 1.788784720874546874e+00 7.908108656661264391e+00 5.661443778075819111e+00
7.137575153991955190e-01 1.831756988997499391e+00 3.553983152188520123e+00 5.984220166411386543e+00 8.399618981347810376e+00 1.386856553876345544e+00
-1.932134208939591424e+00 7.605900914995792128e+00 6.137004742020207182e+00 5.024822864543520673e+00 6.916181339531156880e+00 2.124812867114547199e+00
-3.426663864924831771e+00 1.097316163367976216e-01 9.878637239136816461e+00 5.641114849268479503e+00 8.921410641293364918e+00 3.771784160700224220e+01
-3.316932248588034149e+00 2.097933376547717277e+00 6.451973374211984691e+00 9.274527758929755450e+00 2.941666112588086968e+00 6.102792837528535408e+00
-1.218998872040316872e+00 1.678688871115671333e+00 3.135041125623950542e+00 5.472671346152472083e+00 7.100318802790398287e+00 2.355271058201773293e+00
4.596899990753544607e-01 3.781973037262305049e-01 1.916042253583633670e+00 9.929422133409813611e+00 6.469769100274502804e+00 1.386544094986052356e+00
-7.674871961245721685e-01 1.000458053250323331e+00 3.213619555460573096e+00 2.876594629216022270e+00 2.229408132860553504e+00 1.707256875310448008e+00
2.329708571257511629e-01 6.537824446571205428e-01 2.446132359336000928e+00 9.375356931795245430e+00 6.864757844295489519e+00 5.855258511561010071e-01
-1.005494160591830610e+00 7.516020624576864151e+00 3.565856518244623796e+00 8.357047376420723594e+00 3.840646093870149880e+00 7.818357308825044649e-01
-7.348785110683046184e+00 1.134728390586055724e+01 9.070888821637826283e+00 8.901768884005624827e+00 4.556178168503529413e+00 6.941180508428502982e+00
-1.027031063225338769e+00 6.174867172495843270e+00 5.720602506132292042e+00 8.253328601058591119e+00 2.792937474046477853e+00 1.047008269040703432e+00
-7.833057432664986663e+00 1.040540770456419040e+01 9.841407552177457774e+00 3.742112251882367069e+00 3.586686368190217689e+00 8.359721542015604356e+00
2.572350271899203733e+00 2.572183236167441933e+00 2.008350119512471110e+00 1.728273547461269599e+00 4.310073889805376091e+00 5.095482221043210025e+00
-9.356697664324986619e-01 4.997542719301968361e-01 9.725233899478320510e+00 2.561720634878577929e+00 2.003609910891487544e+00 4.459521560607030644e+00
-5.032523195139061656e+00 4.249386038245195785e+00 8.353648638543520022e+00 4.114897538840069480e+00 3.408334090551743412e+00 7.755664972307441118e+00
-7.831371568938658712e-01 5.262937849703152260e+00 3.321125443404458366e+00 9.780491807739233323e+00 8.519322031679749330e+00 7.852732075172391690e-01
-3.353517865022904942e+00 3.487166033126635867e+00 9.364383902148272654e+00 2.192722054676635945e+00 4.036109920921834515e+00 6.575658130114316435e+00
-2.624702362286541302e+00 7.030326918071415854e+00 6.144514205229098636e+00 9.304814714620549765e+00 2.119315591004592214e+00 2.544739638080061539e+00
-5.242042661709721330e+00 6.471762052330204185e+00 7.925436398727431886e+00 6.456276439758797281e+00 5.435781260027019890e+00 6.417224252881730706e+00
-2.386805816424373283e+00 1.238649647341483195e+00 5.568493408160095193e+00 4.587967249950818172e+00 1.089314390150520673e+00 5.276490789635661649e+00
-1.148156169082890088e+00 5.610205128404751385e+00 3.181687591735721909e+00 2.317365929460241780e+00 5.176856435081535146e+00 1.471741777059434986e+00
-2.897905402812391173e+00 5.531374416453600062e+00 6.495580381974693118e+00 1.613550784469442112e+00 5.671290521165938792e+00 4.839592532847656337e+00
-3.841879555335689922e+00 6.782876034561226675e+00 6.231143992803510834e+00 2.216496602393404736e+00 3.806774721251948712e+00 4.697259175060469971e+00
-4.326893061562429921e+00 6.889919733905872867e+00 5.793304892964272312e+00 9.692399450378980319e+00 5.691664428887250438e+00 4.369814009990746762e+00
-1.819706411294517157e+00 1.180349053098658674e+00 4.029438503745285338e+00 3.806345197767336153e+00 2.129951932863880515e+00 3.829072351907304661e+00
-6.393573581958584828e-01 8.978624715450456151e+00 2.209732092450768182e+00 5.555276765562196850e+00 1.152528984006228940e+00 3.469613688002877172e-01
-6.008457486737000863e+00 1.039614289465620800e+01 9.909642091509507367e+00 1.950982158355695217e+00 8.264399836283942591e+00 8.373772806373411370e+00
-4.997104119817839418e+00 8.838862726959328953e+00 8.288870012691713640e+00 2.944343642586396470e+00 3.390245496627454891e+00 5.511362275489194218e+00
-1.481302073536580721e+00 3.647391050174073612e-01 7.842050739007179416e+00 2.368223678157832968e+00 7.958276865268043565e+00 9.811881401304560768e+00
-1.116562968519173360e+00 5.789454988931650448e-01 6.360748665470598695e+00 1.552146643996013431e+00 5.661644749413210498e+00 5.823360239500533275e+00
-5.667538284384594505e-01 5.792701727781934373e+00 4.706568227325417020e+00 5.138203813923881924e+00 4.345653654156972578e+00 6.026654849231217748e-01
-8.901876281408700464e-01 2.099855154049921069e+00 9.365762298230432492e+00 9.953796854527904969e+00 3.698204748087122962e+00 1.954581764453664716e+00
-7.566567184628711473e+00 1.302569945009160790e+01 9.685242195998613468e+00 7.255317059726978712e+00 9.767749994347214582e+00 7.431541398346319660e+00
-6.813966515898399301e+00 5.781335326708455291e+00 9.445064111389340766e+00 2.280244318184765362e+00 9.087045442073554469e+00 1.238412711075102202e+01
-1.032631189189944010e+00 7.104250626499477583e+00 2.631097595490941465e+00 2.092464454801859830e+00 8.048785719687632678e+00 1.547160861278801480e+00
-1.499827824991323943e+00 3.906028797196565705e+00 7.670085843610531029e+00 1.909412299095820220e+00 5.121961831032143309e+00 2.836753560431737320e+00
-6.318507601187842937e+00 1.221796201829024930e+01 8.576458990824448847e+00 1.560626183170564119e+00 3.726241559498733480e+00 6.767601521891722705e+00
-5.342759926309311069e+00 5.001017531670950866e+00 8.157405806739012277e+00 9.970271684676792034e+00 3.054118271443291732e+00 7.079818917251018640e+00
-3.417423946383602029e-01 3.472310902259558851e-01 2.814645880429700764e+00 8.325732425554170035e+00 3.219432714802221707e+00 1.106644647773893153e+00
5.488695587595682213e-03 5.847291605115906066e+00 2.472903485791340561e+00 6.536974944079098293e+00 5.356693627391813983e+00 4.752192527932626136e-03
-1.344397495816637367e+00 6.521133247291022172e-02 8.331172482082438435e+00 6.615062526624746475e+00 5.264288455581519699e+00 1.664715380183109872e+01
-1.478114465810551614e+00 6.143444976017003789e+00 5.707588822922073923e+00 4.834750455013343107e+00 9.620108208893835666e+00 1.921402065559057792e+00
-4.362798900514255784e+00 8.180187888954730369e+00 8.894804867317974484e+00 8.979437937164201244e+00 8.066705888335675922e+00 5.008850884878827792e+00
-3.397180778112227628e+00 2.837466465804430626e+00 8.349394955244193284e+00 2.751602606386885697e+00 5.900340995202366656e+00 7.324119443259947460e+00
-5.597143123077970017e-01 1.331332518510086160e+00 4.952214177131965656e+00 4.309834157895606310e+00 9.664915152278855004e+00 1.568333963718524071e+00
-1.451717203549179214e+00 5.467800757658160649e+00 5.164118071026457812e+00 8.447841060101868749e+00 4.291126734352341821e+00 1.549599442015071826e+00
-2.434569254510956959e+00 8.440826157660715978e+00 5.524483510832312483e+00 1.099281379857824925e+00 2.267226540034084969e+00 2.704897444917188754e+00
-4.641150167112212621e+00 6.078104924779207607e+00 9.096171159471115431e+00 5.332097364717912846e+00 8.031896701725745658e+00 6.617905008165218206e+00
1.436954757666994986e+00 1.829318490988030455e+00 4.455020992358902809e+00 1.172730491407510289e+00 6.204685594783246216e+00 4.905599664319169939e+00
-4.566059596850651658e+00 1.197246634299665047e+01 6.618141963225928848e+00 2.233987351560991375e+00 6.723592364473556238e+00 4.938668568424340322e+00
-2.809116634878515484e+00 1.738946891495301017e-01 9.458489112521275999e+00 2.936816848155137549e+00 7.067172659824566772e+00 2.598840455388813098e+01
-2.635221945728985382e+00 8.745200677856956872e-01 6.649372477642760515e+00 1.109086971795039567e+00 3.339144813185495497e+00 1.055657502169741946e+01
-1.760701877943289695e+00 7.653479927405467897e+00 4.014150531913775133e+00 3.170813118395873431e+00 4.106729876447894334e+00 1.686545872471476137e+00
-1.565571900076042411e+00 7.860669245063149901e-01 8.146226703432663641e+00 8.213834006946905575e+00 3.614540551042783711e+00 5.312147856427634096e+00
-7.795049755697274207e-01 4.023388395241452642e+00 6.580654803356621230e+00 9.636189798889301272e+00 5.229894413421429356e+00 1.079133185445600329e+00
-5.732300983426015684e+00 7.172725675991189043e+00 8.097374901020776505e+00 5.931635400763236809e+00 1.559829035482324766e+00 6.288380767506335900e+00
-5.690963518297422752e-01 5.028210726653642659e+00 3.805498610159934181e+00 8.599213744656543312e+00 1.070574316947251248e+00 5.112876731559197196e-01
-6.393724720532077299e+00 1.122093997175191227e+01 7.695516633154092290e+00 5.394170233196003750e+00 5.029060828693764584e+00 5.936384722772061195e+00
-4.812154992412577492e+00 9.124734996017526356e+00 8.890890730855744550e+00 5.284163164318898431e+00 3.177039647016002721e+00 5.071313506993078590e+00
-6.395630109451250433e+00 1.301801510246504812e+01 8.391315742048115922e+00 4.550286507130318014e+00 7.116582994615970215e+00 6.091865919337192459e+00
-6.470672664622821202e+00 8.898860318678284642e+00 8.618070625610663171e+00 8.065148894533511026e+00 3.472334335431027874e+00 6.685885025431115736e+00
2.428187654055463440e+00 1.171885022917214414e+00 2.147397960987841969e+00 9.028762200462109533e+00 8.262689417955941806e+00 4.687773860663236647e+00
-5.826401445877019469e+00 6.540407156831829383e+00 8.175658292015983264e+00 8.082130476297656685e+00 5.919194278290653699e+00 7.097718045056208958e+00
7.140057109548094694e-01 3.723004847489014058e+00 2.349256846138963795e+00 3.838662061732114772e+00 4.895344019885222941e+00 8.750671380441832348e-01
-7.100001329469938227e-01 1.185207437183218637e+00 7.480328828914669437e+00 3.292035598414460473e+00 5.009874748677018097e+00 2.146579268824351239e+00
-2.618328459965791222e+00 3.463400871338491172e+00 5.884519990128366018e+00 9.115857929218812217e+00 8.592846976466413267e+00 3.959646628653313183e+00
-1.476884490322443622e+00 8.018560091112266974e+00 4.111263941535274746e+00 6.734813291274523550e+00 8.138285865970654953e+00 1.368340230311690053e+00
-2.925528899107570524e+00 1.282665497085245576e+00 9.176055052002654477e+00 9.056059666358827087e+00 3.177794172853408483e+00 8.124074777116575774e+00
-1.642863402022324948e+00 2.193252883946760434e+00 6.250526152895083953e+00 6.730027139504866085e+00 9.645642779618798457e+00 3.409354024106800551e+00
5.503894819244354863e-01 3.817108341784708259e+00 4.607662750872759005e+00 6.525402262840556133e+00 2.772331340080855355e+00 6.604616602280333204e-01
-7.145387428461615897e+00 1.104129328856806858e+01 9.525550056506338237e+00 5.665672197506836483e+00 9.953373645693559979e+00 7.860855418180248577e+00
-7.230703781909815220e-01 1.673160387142618610e+00 6.276068488151175018e+00 7.636903918493370469e+00 9.830293586126396477e+00 1.687632952249722207e+00
-5.340096464524266118e+00 1.302621999063406477e+01 6.503088118911830584e+00 7.122050012875179803e+00 3.335876048584812903e+00 4.044871823275832057e+00
-3.302865890049630160e+00 4.486524652638779642e+00 9.389064542352510756e+00 7.446910492564140505e+00 1.657734058243134800e+00 4.891292873769168104e+00
1.183658762589149482e+00 8.489782531144820510e-01 6.086198652302880596e+00 1.648759023988060290e+00 6.601089381555214963e+00 5.254008204992532960e+00
-4.992296322592235214e+00 8.806040177865202878e+00 7.365147708820587447e+00 9.608512584695320768e+00 8.133356046595450195e+00 5.090356835150903869e+00
-1.643259375724229088e+00 4.454081454625260506e+00 6.460435417445703266e+00 3.668820231588897141e+00 9.641220439649025309e+00 2.784066166512667362e+00
-4.272562273523798027e+00 1.234150343453405796e+00 9.330116616160987419e+00 2.666760110807211426e+00 2.455042926132656955e+00 1.290670646562795376e+01
-3.038411930070392231e+00 1.088284030816460657e+01 5.057554342637189393e+00 2.566984018006759349e+00 5.292100958211729989e+00 2.915639419779791464e+00
-6.428118647184004608e+00 1.359373145991095377e+01 8.550082778013406326e+00 7.879353959995623491e+00 6.765536651939986434e+00 5.609964353238424017e+00
-3.159524744424505371e+00 3.811461151994219421e+00 8.829067258559154752e+00 1.739545007287846001e+00 6.085767812074806216e+00 6.714216866370424697e+00
-3.098169585432890560e+00 5.622090010847716535e+00 4.591024334831172560e+00 7.923008330543202860e+00 1.108928050984966829e+00 2.885049556254825731e+00
2.523920425414825974e+00 1.684985437154168597e+00 1.492854749398281999e+00 6.621972119688374292e+00 1.081346221713629596e+00 2.635535408950203884e+00
-7.183992830340677038e+00 1.014379716851954960e+01 8.225681037382102545e+00 2.851185359759996096e+00 9.335746615886037603e+00 9.044368854529357904e+00
5.820256970981914080e-01 6.710164870246249080e-01 4.001492545220298069e+00 6.535116712349799961e+00 6.709273199845184443e+00 1.785961454552441152e+00
1.253042184122816316e+00 2.189097937150722650e+00 4.583518242318489477e+00 7.971704025740091737e+00 2.998682836239884963e+00 1.961948616810505364e+00
-5.161586598421193273e+00 5.167051466193591125e+00 9.278700547714844760e+00 5.772719199242424715e+00 8.632378806413356642e+00 8.031529397300937845e+00
5.464867772397852264e-03 3.509467548149288518e+00 4.117113949293651487e+00 1.377561010884726489e+00 7.559752980429522040e+00 1.380877690543516265e-02
-2.567549764979471405e+00 5.190317034310449884e-01 7.637511232987735710e+00 8.188427724891171877e+00 4.858318188877902344e+00 1.061425303521521002e+01
-2.048518061548426417e+00 4.099030300282828776e+00 5.069961468008264305e+00 3.635398330308682535e+00 1.262527872807380103e+00 2.434308904512192839e+00
-2.804242461776041750e+00 3.124012156913853033e+00 5.071955645194240248e+00 6.416934306726899351e+00 6.961906105309612514e+00 4.337428858906859475e+00
3.197696951378112828e-01 2.578057380961496392e+00 2.267713183418198497e+00 6.241803923865218096e+00 2.066523612383364128e+00 3.436911317350582751e-01
-7.149809091143861650e-01 5.178264973186355036e+00 5.485309954655317455e+00 8.305928092811237562e+00 4.580529629519412005e+00 8.098555918953703747e-01
-4.972068017563202602e+00 6.935818078015896226e+00 9.233613109612900161e+00 2.152861717295800226e+00 9.939295138806675922e+00 8.605271324961192292e+00
-5.572528481980770110e+00 1.142651472083616326e+01 6.690378591275773168e+00 3.021540506594667441e+00 4.345516597621089439e+00 5.180641664021084836e+00
-4.369512646322633032e+00 1.141682180171996741e+01 6.971836348150395324e+00 4.888691946497764285e+00 7.788384760123204131e+00 4.194817887494671993e+00
-7.311668307447080295e+00 9.705320871212277822e+00 9.649632857225096672e+00 6.516456242450729519e+00 9.558357350522936002e+00 8.398886308621918317e+00
-2.963470100835419174e+00 1.116719135474115099e+01 4.731617113543213904e+00 3.166234406492544728e+00 4.214090433704525296e+00 2.471611026244522336e+00
-4.452113173632342935e+00 5.290823236531553064e+00 9.971868266613526544e+00 2.777234408739436056e+00 3.259012449360702224e+00 6.831399982418767003e+00
-4.754776859384546306e+00 1.090073279648130011e+01 6.358465155880393738e+00 6.812297313896854334e+00 4.227206153723858328e+00 3.985830078693862522e+00
-4.860493895732328262e+00 1.105383216283847858e+01 7.749644233592600351e+00 8.343522450717555827e+00 3.163590216041562098e+00 4.268842546914851432e+00
-6.236231840628359002e+00 6.106164562263293405e+00 9.082488604966423296e+00 8.618629048212502752e+00 9.264151780078933029e+00 8.505847166162212147e+00
-1.387242475340145109e+00 5.306897970697283640e+00 2.716189485972999140e+00 3.270169181560254046e+00 5.553621169614384456e+00 1.612980957124505066e+00
-4.492192444508376070e+00 1.088056323990829988e+01 6.083570199363547815e+00 8.577986976010553377e+00 1.324169364622837630e+00 3.444248610535277422e+00
-2.900149037522846918e+00 3.540061948738818742e+00 7.979748550255095552e+00 7.988027018497521503e+00 8.800933190554001584e+00 4.955398046472633489e+00
-7.526477015041672658e-01 3.926505269380475838e-01 5.719512423948220459e+00 2.596858925227361947e+00 9.554132535177661367e+00 4.720341265188474189e+00
-3.599971745661196820e-01 1.789892608462147372e+00 4.966864722444053193e+00 5.905242270072444732e+00 6.234600636902741577e+00 7.271621141994023541e-01
-3.639600768397548869e+00 3.879791729478576645e+00 6.036762981773961201e+00 9.436492598474069737e+00 6.220799512025091182e+00 5.035728822059371446e+00
2.401909610810277762e-01 5.878526453583187816e+00 2.397162213376412332e+00 1.388563622173105028e+00 5.650285467036409770e+00 4.137432776868029127e-01
-5.155255312684918323e+00 4.232173524459125424e+00 9.515039159202695274e+00 7.533819189867659638e+00 4.177453524402721108e+00 8.180360987675650009e+00
-9.230817882257928986e-01 4.282375619084950458e+00 4.359783846517776951e+00 8.360067968712506570e+00 9.046848722799255782e+00 1.162568614061159744e+00
-3.450130338939763952e+00 4.627026514292372994e+00 4.678607539882867705e+00 8.566327252100800038e+00 4.775031945615822337e+00 3.882648036273971037e+00
1.176896175352609486e+00 3.861480507978255705e+00 1.228477200943103753e+00 7.595213902896254865e+00 8.023289527061935544e+00 1.234619616931635022e+00
-5.686451544660011237e+00 7.440337069525204683e+00 6.930315477191362206e+00 5.575244922246519685e+00 2.842120981515555478e+00 5.891783192763332622e+00
8.192371189609781723e-02 3.885437811199814906e+00 2.997749457396544859e+00 6.085197935731144980e+00 2.675223079780131297e+00 8.251239476642027726e-02
-5.869639852599277674e+00 6.629222250671165106e+00 7.047034692388555399e+00 8.859906242747269900e+00 8.695271814579417224e+00 6.894595873329870450e+00
7.595823980718874324e-01 5.502685132425653158e+00 1.177394839789277281e+00 6.726622185813232235e+00 2.863682282897697107e+00 4.784010511833153290e-01
-5.592342809869702336e+00 9.860155822047572016e+00 8.199244768358704860e+00 2.440644714591156728e+00 1.621068333515346627e+00 5.512738035897113420e+00
-3.731069941246333510e+00 2.482397446659901252e+00 6.874714970666872205e+00 1.083984578443839553e+00 5.562283941656511743e+00 1.084352274740780508e+01
-1.248672494586432258e+00 2.542249678747412478e+00 3.143645029420538695e+00 3.220109780694607071e+00 4.684708646353165307e+00 2.031123913027605088e+00
1.293577184160980220e+00 3.018275483544865079e+00 1.894972534834106437e+00 7.538155436017043520e+00 8.297907229071265434e+00 1.620385957353008388e+00
-3.897327014536831058e+00 6.335441477106552810e+00 8.471978781102924572e+00 8.200638718292434959e+00 7.940105342666979205e+00 5.021894454305011912e+00
-4.167907570393426298e+00 4.961378484000157130e+00 7.012766229135815266e+00 5.995764543720576434e+00 2.364355673200894348e+00 5.233842554189359397e+00
7.934709136067303881e-01 4.635221880734226474e+00 2.844858658742388968e+00 7.597641664267072770e+00 8.882947751653512469e+00 8.770938280471956006e-01
-7.950005055093452455e+00 8.602564521187041180e+00 9.067022366690077106e+00 2.692222611538745092e+00 3.542251837330033126e+00 9.346172708100501936e+00
6.525594660935885027e-01 4.488400525304445665e-01 1.117017311596624207e+00 4.198461118171654682e+00 4.827053668939245590e+00 2.089033889100357033e+00
-1.632186461449868453e+00 3.026315542393667180e+00 2.870976296314245779e+00 5.988038627188149832e+00 2.150801211001757807e+00 1.788635282462478271e+00
1.394129080943798726e+00 2.220326051975254344e+00 1.238789834864377326e+00 1.047066521886214741e+00 7.889920754642747447e+00 7.375576925505380466e+00
-1.454553093394747698e+00 5.695777537755040143e+00 6.247374048727229123e+00 1.317802194462151633e+00 4.749092456340629376e+00 2.402106194228738723e+00
-4.280635890365084073e+00 3.539090625965832793e+00 8.356992055645967810e+00 9.622661321074421181e+00 9.757703466750996313e+00 7.376062471152508238e+00
-7.415452643992512805e-01 1.823966037023020625e+00 4.076356165280883737e+00 4.311466761718760310e+00 3.035127981247047302e+00 1.300021212353527744e+00
1.082420772623769345e+00 8.130020365040984132e-01 3.334810900881632456e+00 3.942384547042712128e+00 3.737788476726527698e+00 2.815490633984015556e+00
-2.900081715227383228e+00 6.104849118463703483e+00 6.312654482633269559e+00 3.750437939411933819e+00 3.073749959056149006e+00 3.331898932929827861e+00
-1.932635300921043076e+00 3.216355058867701899e+00 6.617340170642206587e+00 9.967009038645226582e+00 7.564103146791967269e+00 3.090025482555037506e+00
-1.274946926340591258e+00 7.160834853122743482e+00 4.925138762217850186e+00 7.498638443824633626e+00 6.967424726230802001e+00 1.256827929817144307e+00
-5.611433565539774904e+00 1.216662676672291710e+01 7.872452147437847714e+00 4.523731283600463726e+00 4.803662773122482577e+00 5.122663684973717935e+00
-3.429330998835592226e+00 7.093420256636791876e+00 8.816211783081215003e+00 7.260563318471262129e+00 3.927656206207279954e+00 4.057747691320366279e+00
-3.624697765342044686e+00 5.840570224925502707e+00 4.826921540223101381e+00 8.147775981493758479e+00 4.338469073419886968e+00 3.658682881017036870e+00
2.215872459583458021e+00 2.407392378998296500e-01 1.202223774881056695e+00 1.836915758408189436e+00 9.117461770742350424e+00 2.539569243398304721e+01
-3.380314809536504317e+00 2.313530307293100829e+00 6.701303978435324993e+00 6.780929733147046612e+00 7.788234337138726815e+00 6.739093004600627879e+00
-1.066784502243403487e+00 7.326951966781678927e+00 3.320989168898820676e+00 1.583682350346715229e+00 4.538756809251299984e+00 1.338003493487913254e+00
-4.128407985607797315e+00 9.423099175183562437e-01 9.859619626331969755e+00 6.045940849745538692e+00 1.706102346854115659e+00 1.373634184318315121e+01
-3.186098068089441071e+00 4.091750434129030722e+00 5.731211640724172440e+00 6.431388999368093273e+00 5.900472631934785994e+00 4.374370119898427944e+00
-2.285249849747120088e+00 1.034842301986441271e+01 3.450765938674320576e+00 8.244900997126928033e+00 2.505891736009543180e+00 1.435865928079645082e+00
-7.168929513033221568e+00 1.129781804665023337e+01 9.228689259044491777e+00 8.425444691620558757e+00 6.253955024627004811e+00 7.000417688564725793e+00
-2.722151293443427988e+00 5.243256329900714441e+00 6.188648279628282012e+00 1.693524512208980592e+00 1.381800683862025370e+00 3.347309922399678506e+00
8.751814725246376270e-01 7.297112656733988345e-01 5.987602022642140476e+00 4.008144868264547078e+00 6.413984913698416612e+00 3.176978535452300800e+00
-5.609884787519385796e+00 3.851055799600281215e+00 8.467676233364814564e+00 7.369128412668241701e+00 7.429817476641179752e+00 9.308997737962995345e+00
-1.758828987919104581e+00 2.891837200612045855e+00 2.857791445845428768e+00 8.097534682051657384e+00 7.831047542697379349e+00 2.340127097086683872e+00
1.133008212692941274e+00 5.735188893320739112e+00 1.098962457926324188e+00 5.655421507974484285e+00 1.922643676598270179e+00 6.493914642709206486e-01
-2.488292778529862304e+00 2.516226602899967801e+00 8.865010698062636862e+00 3.953734782483803833e+00 4.323526931939869478e+00 5.246656932513914740e+00
2.793382437010549779e-02 5.527445026433142061e-01 6.376717919532774559e+00 4.906174295564877497e+00 9.396323763127048423e+00 1.233743205435256507e-01
-4.406988563305253237e+00 1.105835456901884406e+01 6.985330070916299761e+00 2.985507574400901198e+00 7.274884437186731390e+00 4.724427654247626229e+00
-4.460772789295979202e+00 4.140084819512797942e+00 9.229707513324637347e+00 7.620968028152708129e+00 5.155445294318071525e+00 7.148552853854551969e+00
-3.206879697831812592e-01 1.542700563083242216e+00 4.768934724028658145e+00 9.985127602536547187e+00 9.288950689869182042e+00 6.738233780018814123e-01
-4.247565646570042652e+00 5.321422264399261692e+00 5.670259347545537842e+00 6.783086795816723580e+00 7.560829554902348093e+00 5.246496773146741788e+00
1.073856617829219262e+00 4.071895611203399490e+00 1.422693700975495412e+00 4.791232479646647668e+00 8.755218134086106829e+00 1.450041212558059067e+00
-5.897114536511195659e+00 1.058029551038255178e+01 7.642302547837333648e+00 8.070864562722087854e+00 8.263638134800327606e+00 5.683379287041850247e+00
-3.220226998065605528e+00 4.515745537311506297e+00 6.428368985197494112e+00 4.689144007266594194e+00 4.108077570203990447e+00 4.365751115150688477e+00
-9.054168954414905102e-01 1.508227712689733657e+00 4.503660526377789353e+00 4.454496567397396412e+00 9.806729215502265617e+00 2.329398257636448033e+00
6.028108172482431470e-01 2.667547881225424078e+00 3.598243630936298842e+00 6.146850441044678703e+00 8.708835013731341945e+00 9.757847772394657726e-01
-3.797317706049633923e+00 6.220864028113132882e+00 7.471413146658209214e+00 2.660286278202754318e+00 7.543510854538511445e+00 5.740940986098345356e+00
-8.131881428801772671e-01 2.501775011352113331e+00 6.097641762672074250e+00 4.010601598677389745e+00 9.523816003976671496e+00 1.763954528768196583e+00
1.688586868471936064e+00 7.698402971870521583e-01 5.284453619791896983e+00 1.235770376788583036e+00 5.466328775941254214e+00 8.127314409830256992e+00
-4.658685467575441663e+00 3.004870275810192837e+00 7.593148874892252209e+00 3.457637289755311816e+00 8.075850870349521315e+00 9.683593254862064015e+00
-1.653815191765248827e+00 3.733543374912112522e+00 2.934463407316810990e+00 5.662708896149339033e+00 7.609995388680323103e+00 2.137654746485313062e+00
2.079728183146863696e+00 9.155967944570035932e-01 1.280648215551562163e+00 3.688530162298957471e+00 4.459195346717214292e+00 4.781523222515504656e+00
-4.892869054944039675e+00 8.897332958396914293e+00 6.355701376302293149e+00 3.333670829791963719e+00 8.550975949462095826e+00 5.804335956376207584e+00
-2.363390622899355975e+00 6.293405439259106338e+00 6.371585640252003024e+00 8.577402101126278211e+00 9.732313987534514155e+00 2.801501413028646414e+00
-5.978825555508451295e+00 5.695681312926783590e+00 7.938209833712397412e+00 8.223789788161393943e+00 3.114760644963574965e+00 7.395139313705315409e+00
-2.831442425816672603e-01 6.160603012791817434e+00 1.959384278203946117e+00 5.123681980641033640e+00 7.343839090390435587e+00 2.764912561504453969e-01
-2.094276959976643759e+00 3.830476681970481856e+00 7.553698805832429919e+00 2.201319751743493924e+00 5.917872844700625912e+00 3.987620716479872485e+00
-2.282175520415908210e+00 5.863477721341534554e-01 7.195621567849624256e+00 7.551453762763886246e+00 1.465018494921650039e+00 8.210313256081722244e+00
-1.695827748281754754e+00 6.850130308197590168e+00 4.913446047433716046e+00 5.468150371197697979e+00 5.543160384740753344e+00 1.732551466968829557e+00
-3.802962002620176918e+00 6.665731769372296611e+00 7.252268237689841079e+00 2.430173509024181833e+00 8.200031335873132932e+00 5.812359136948282767e+00
-2.424526412520533469e+00 9.856109931741011465e+00 4.248765072460241043e+00 7.762375774261411010e+00 2.185435257211842064e+00 1.697346217957478087e+00
-7.024454500889532937e+00 1.434522300700610309e+01 9.255822179160185570e+00 9.609531589751121317e+00 2.415458873617438051e+00 5.795665339517555026e+00
-4.538084227765621037e+00 3.894893340770281931e+00 9.552136184387222784e+00 1.513492490361288745e+00 3.610409787661931880e+00 8.881620567500736030e+00
-6.431908869953391061e-01 5.828758575058321512e+00 5.014051956621601747e+00 3.539683672238801204e+00 8.842726307717688528e+00 8.937699713235066623e-01
