1.000000000000000000e+00 1.290418060840997416e+00 4.040462668033677929e+00 4.461382822589261998e+00 -4.203788836211315605e+00
1.000000000000000000e+00 4.005575058716043912e+00 5.347878302641833059e-01 2.248340044295929818e+00 -1.006705706830750113e+00
1.000000000000000000e+00 1.102922471479012234e+00 4.746626789330958829e+00 2.106047209098011130e+00 -8.826709539240251701e-01
1.000000000000000000e+00 1.909124836035503092e+00 7.897713231665992595e-03 4.527875862578442323e+00 -1.854633512746035606e+00
1.000000000000000000e+00 1.917022549267169085e+00 6.041886655305195308e-01 5.626241587078329331e+00 -1.336977331794360513e+00
1.000000000000000000e+00 2.521211214797688616e+00 1.102570943363500700e+00 1.902876725636667654e+00 2.339519572349193499e+00
1.000000000000000000e+00 2.456145700990209679e+00 1.603118772621687338e+00 1.169729892928994097e+00 1.235538369490579269e+00
1.000000000000000000e+00 1.697469303260209283e+00 7.632539394158812662e-01 2.486745036862753722e+00 2.009208856764631790e+00
1.000000000000000000e+00 2.460723242676090550e+00 3.710859737923679624e-01 5.621980976882651859e+00 -9.105898511776535642e-01
1.000000000000000000e+00 2.831809216468458512e+00 4.485407046167213529e-01 5.855291225826839252e+00 2.523792420594341390e+00
1.000000000000000000e+00 3.280349921085179865e+00 1.645529885879888354e+00 5.721332445567169245e+00 9.341428671990268384e+00
1.000000000000000000e+00 1.998368910791798569e+00 1.572803281276259568e+00 5.310213254946567041e+00 5.998317432319563380e+00
1.000000000000000000e+00 3.571172192068058138e+00 3.909006522421543117e-01 5.222746992675351585e+00 3.435597824331206862e-01
1.000000000000000000e+00 1.232252063599988734e+00 2.805472195907202870e+00 5.144577370753387058e+00 -1.311806867812813238e+01
1.000000000000000000e+00 1.325257964926397580e+00 4.419169721340269419e+00 2.150044186438515137e+00 -2.008380025050904294e+00
1.000000000000000000e+00 5.744427686266666555e+00 8.373247910613024203e-02 1.602834428886394047e+00 2.190347319093689793e-02
1.000000000000000000e+00 1.488360570031919350e+00 2.932804562528865233e+00 4.623833857643806944e+00 -9.622388760877470304e+00
1.000000000000000000e+00 1.610191174223894128e+00 1.865693376332456799e+00 3.697456461876686085e+00 2.821040989173945235e+01
1.000000000000000000e+00 1.171942605576091978e+00 4.374659404817818675e+00 2.593762514660349794e+00 -2.864480799083306994e+00
1.000000000000000000e+00 2.293899908000084586e+00 2.018711513769825494e+00 5.429888741180935341e+00 -2.114786156359528775e+02
1.000000000000000000e+00 2.558555380447054883e+00 1.041784725441999182e+00 2.164797373768168942e+00 5.774074118053862392e-02
1.000000000000000000e+00 3.600340105889054065e+00 1.332112908273441754e-01 1.122003907782690213e+00 1.271417830802847870e-01
1.000000000000000000e+00 1.924272277627635308e+00 3.923650861195157713e+00 1.106347054251935802e+00 -2.561555588175512543e-01
1.000000000000000000e+00 4.875664116805572768e+00 8.218305910153729243e-01 3.644685670136059930e+00 2.359488275790084799e-01
1.000000000000000000e+00 3.989499894055425600e+00 1.619871281060158097e+00 5.989670552666687797e+00 6.834986999784371520e-01
1.000000000000000000e+00 1.442462510259597597e+00 5.374518018361285066e-01 4.835941444655634136e+00 -1.186712893373401689e+00
1.000000000000000000e+00 1.226136444552690330e+00 1.400515209263631489e+00 3.399378101519544337e+00 3.070683024582804066e+00
1.000000000000000000e+00 2.626651653816321819e+00 3.167347946310883344e-01 4.137527316091849983e+00 -8.916188191396900997e-01
1.000000000000000000e+00 2.356745158869479440e+00 2.786942386890167711e+00 5.920417345996475511e+00 -9.518527424978900697e+00
1.000000000000000000e+00 2.404672548436903590e+00 1.308807867354338850e+00 3.106785011385350792e+00 -2.706571800759518531e-01
1.000000000000000000e+00 1.704621124873813232e+00 3.306363778896385774e+00 2.193885728841511451e+00 -5.753725203935857735e-01
1.000000000000000000e+00 1.372753218398854003e+00 4.561681464603732472e+00 2.773110788203882571e+00 -3.340535072809718731e+00
1.000000000000000000e+00 1.027610585618011996e+00 4.049696556656158464e+00 1.210465948181809415e+00 -2.489264340351815541e+00
1.000000000000000000e+00 4.534286719238085794e+00 1.107491209668509669e-01 5.938611948680157404e+00 3.648679444558173279e-01
1.000000000000000000e+00 4.645035840204936761e+00 2.113158932247918287e-01 3.138865668679311938e+00 -8.383481266625099071e-01
1.000000000000000000e+00 1.370223258670451916e+00 1.422105384050911248e+00 4.398236413465348882e+00 1.009671599840089939e+01
1.000000000000000000e+00 1.579345297625648570e+00 3.736171831752319150e+00 5.749805919751127092e+00 -6.667712746780258826e+00
1.000000000000000000e+00 1.317791751430118286e+00 1.237119857148192725e+00 5.395591537810823013e+00 6.202486134121882877e+00
1.000000000000000000e+00 2.554911608578311011e+00 7.100500155542421865e-02 5.723660111457051336e+00 8.734648051115706524e-01
1.000000000000000000e+00 2.625916610133735229e+00 2.022114281556584903e+00 3.337007556249348639e+00 -9.336722351388853269e+01
1.000000000000000000e+00 4.187787356776065728e+00 1.248276356105566975e+00 1.835169730460376236e+00 -6.074005523761909497e-01
1.000000000000000000e+00 1.597971229691508510e+00 2.968252706423466059e+00 5.713658870675628165e+00 -9.529756080263156903e+00
1.000000000000000000e+00 4.566223936114974791e+00 2.377013069695124159e-01 4.248233244961841848e+00 1.780880673734009489e+00
1.000000000000000000e+00 3.806385987847481278e+00 1.048449911925323885e+00 3.563442555082542818e+00 2.206348622335886578e+00
1.000000000000000000e+00 3.468977981821953716e+00 1.446861650880166827e-01 1.882640160027541310e+00 1.589625790321923748e+00
1.000000000000000000e+00 1.127095633720475831e+00 4.123615012460464246e-01 4.897922367833766444e+00 -3.792134546342682544e+00
1.000000000000000000e+00 1.157145928433671145e+00 3.024906127885230944e+00 1.289213382816981834e+00 -1.014289045338858664e-01
1.000000000000000000e+00 2.571779905381633480e+00 9.710735504418805952e-01 5.418929424817128471e+00 4.315830905928508265e-01
1.000000000000000000e+00 3.542853455823514075e+00 1.994978913806950693e+00 5.638761415976064839e+00 5.231650751127804142e+02
1.000000000000000000e+00 2.246461145744374832e+00 8.054534694337736056e-01 1.869476246097436345e+00 2.311960678878032527e-01
1.000000000000000000e+00 3.051914615178148438e+00 1.725841077537094925e+00 2.981210094513293996e+00 3.676576047495028643e+00
1.000000000000000000e+00 1.384899549143964848e+00 1.063857715424875394e+00 1.769479531699275299e+00 -1.095809573408197179e+00
1.000000000000000000e+00 1.806106436270022098e+00 3.842381825442843013e+00 2.122202859183303314e+00 -4.811066544172710735e+00
1.000000000000000000e+00 4.167018782552116996e+00 1.190284168386471997e+00 3.964699674208515656e+00 1.376993120707129536e+00
1.000000000000000000e+00 1.932850294430179083e+00 3.529944698019710003e+00 5.387304313151902058e+00 -7.635413838438663170e+00
1.000000000000000000e+00 3.696711209578253499e+00 1.340489566242058839e+00 1.647574606414020870e+00 -1.103571019053039670e+00
1.000000000000000000e+00 5.037200775820312337e+00 4.432557237971535002e-01 5.443740399344886072e+00 -7.439716017296374995e-01
1.000000000000000000e+00 1.550259622638383794e+00 5.894161900713246194e-01 5.047580373624390049e+00 -5.532043185855495260e+00
1.000000000000000000e+00 2.139675812709708413e+00 9.958631304215730395e-01 4.276209903195108630e+00 2.960821871830591867e+00
1.000000000000000000e+00 3.135538943131281453e+00 1.954534886481183786e+00 3.754286853045696759e+00 3.863980021427752121e+01
1.000000000000000000e+00 5.090073829612465239e+00 2.135790866692515166e-01 1.434933799557050804e+00 -2.226995246496453751e-01
1.000000000000000000e+00 1.034760652655953628e+00 2.518975860231875252e+00 2.863442585061569901e+00 -1.092761811519678616e+01
1.000000000000000000e+00 1.599326836668414131e+00 1.088749020349725427e+00 1.405231079538239669e+00 1.773663117029197434e+00
1.000000000000000000e+00 2.688075857018139558e+00 3.026472662544456682e+00 2.100916009749056457e+00 -1.924985287551616686e+00
1.000000000000000000e+00 2.616014660103775924e+00 9.779384486130546783e-01 1.380654297451501034e+00 3.748775691864146165e+00
1.000000000000000000e+00 3.593953108716830602e+00 9.211416857590584151e-01 5.256034570243843795e+00 1.414067558737963637e+00
1.000000000000000000e+00 2.818148011896469907e+00 3.040762401708333673e+00 3.402932886633240006e+00 -1.107149621835995523e+00
1.000000000000000000e+00 2.258911479126820776e+00 1.227331050335106699e+00 2.739046039510965258e+00 4.346156315568079354e-01
1.000000000000000000e+00 1.184434736772663976e+00 2.863386933126820466e+00 5.393149931775790051e+00 -1.201218367194170966e+01
1.000000000000000000e+00 1.257393756249946648e+00 1.135838564933110639e+00 5.252908645471209503e+00 7.188782662873249407e+00
1.000000000000000000e+00 2.393232321183057287e+00 3.148097108650211418e+00 5.336471004799012263e+00 -5.303359158737294798e+00
1.000000000000000000e+00 1.724474360456115463e+00 1.722789440931699723e+00 4.487357308346417994e+00 1.378872821994641207e+01
1.000000000000000000e+00 3.447263801387815185e+00 2.480988469165188448e+00 4.400703858801501944e+00 -3.760236124722163176e+00
1.000000000000000000e+00 2.210276357557502180e+00 2.150401379471890806e+00 4.763583197788205936e+00 -2.659145401755675664e+01
1.000000000000000000e+00 4.360677737029392986e+00 4.474203396141946953e-01 1.793025526465368502e+00 -3.704054224639615533e+00
1.000000000000000000e+00 2.188187719961998567e+00 2.452894023097298870e+00 5.359217638726160082e+00 -1.041389303822123047e+01
1.000000000000000000e+00 2.838915663596266015e+00 1.322613489371631701e+00 5.129083752823813569e+00 4.597356978710426034e+00
1.000000000000000000e+00 4.161529152967897716e+00 6.119400836575472624e-03 1.644349337367225994e+00 -2.351439613785395899e+00
1.000000000000000000e+00 1.451448850272041513e+00 3.725063627674148670e+00 1.803799480241540909e+00 -1.027452757898811742e+00
1.000000000000000000e+00 1.203875707773819581e+00 2.750589008167389604e+00 1.031929358584168011e+00 -1.432686507625016814e+00
1.000000000000000000e+00 3.954464715941209185e+00 4.333570932702031087e-01 2.435190665874563898e+00 -3.960677606686870966e+00
1.000000000000000000e+00 1.082939144639280649e+00 2.477526146857124356e+00 5.905930890137117473e+00 -2.463722091037416462e+01
1.000000000000000000e+00 2.132478875989689548e+00 2.093385076057559857e+00 2.299017905320798860e+00 -2.057946669208706680e+01
1.000000000000000000e+00 1.871832145024957317e+00 2.582856545487372646e+00 3.699926898579277257e+00 -7.426627037496820627e+00
1.000000000000000000e+00 2.933676731502687041e+00 2.749973212180985449e+00 1.534903194134792148e+00 -2.778492875870402834e+00
1.000000000000000000e+00 1.687604720729966257e+00 1.017727034521326512e+00 3.706332893380551496e+00 6.152410859219634709e-01
1.000000000000000000e+00 1.567367606202945352e+00 4.056100485189868543e+00 2.709360830193430658e+00 6.035543664727649471e-02
1.000000000000000000e+00 2.289708138575778040e+00 2.010212091595116934e+00 1.512548639953396279e+00 -1.076450317233321243e+02
1.000000000000000000e+00 4.299920230170894975e+00 7.861907708351845159e-01 5.686142436182255899e+00 -4.188530661047921155e-01
1.000000000000000000e+00 1.465513839029496168e+00 4.020564950737137266e+00 1.336753007343858490e+00 -1.500695126007726588e+00
1.000000000000000000e+00 5.486078789766633435e+00 1.601149605001861431e-02 3.910852300881366261e+00 6.558611812907022554e-01
1.000000000000000000e+00 2.695148955243503508e+00 5.089891781980071528e-02 1.228710169062564361e+00 -6.153813414197363552e-02
1.000000000000000000e+00 2.746047873063304223e+00 1.883730521287892756e+00 5.357684030761880933e+00 2.587724751490245723e+01
1.000000000000000000e+00 4.629778394351196980e+00 8.557729054116887113e-01 5.867444845886984339e+00 -2.667409204795514466e-01
1.000000000000000000e+00 1.420699824975244052e+00 3.874437454978247874e-01 1.122934582294007555e+00 -1.368350698393384857e+00
1.000000000000000000e+00 1.808143570473068840e+00 3.684627372162327497e+00 1.110617757644986270e+00 -2.051240320831547947e+00
1.000000000000000000e+00 1.045985258083148128e+00 4.613724562470125079e-01 4.852037089038965689e+00 -1.101027173688029270e+00
1.000000000000000000e+00 1.507357714330160636e+00 2.810151131210118169e+00 4.416476883032525613e+00 -9.864491071456859217e+00
1.000000000000000000e+00 1.025307919231093434e+00 7.787323378563997256e-01 2.368133331408329489e+00 1.893693621444376918e+00
1.000000000000000000e+00 1.804040257087493160e+00 1.939628689745437562e+00 5.985622500788555733e+00 9.059672518531360197e+01
1.000000000000000000e+00 3.743668946832930722e+00 7.158070416305353234e-01 3.130906511179864626e+00 9.298842919124996609e-01
1.000000000000000000e+00 2.121346547302799035e+00 2.439549559434880610e+00 4.974047743749647310e+00 -1.124131533527676474e+01
1.000000000000000000e+00 2.186245437484000576e+00 4.407530533123380501e-01 2.103848063943801971e+00 -2.479187112707275542e+00
1.000000000000000000e+00 2.626998490796338626e+00 2.105458534793781755e+00 1.411905228079213481e+00 -6.247927326305781293e+00
1.000000000000000000e+00 4.248164495236073535e+00 9.979525572348162399e-01 4.272556071405675837e+00 -1.077200294681360582e+00
1.000000000000000000e+00 1.468373839140462378e+00 1.370205176156705340e+00 3.161674005213009675e+00 5.336276733604593758e+00
1.000000000000000000e+00 2.219948216895417659e+00 3.645104556866810341e+00 4.192629738320428068e+00 -2.276511485003676505e+00
1.000000000000000000e+00 2.965488623333802032e+00 2.494744152551764849e+00 2.371076011743350254e+00 -3.679255666267850611e+00
1.000000000000000000e+00 4.155693129986314460e+00 8.183633877219271824e-01 3.046670031575215098e+00 -2.786449878549868142e-03
1.000000000000000000e+00 3.513185465525960449e+00 3.713339576058349856e-01 2.149773029455430695e+00 -3.236142518853076577e+00
1.000000000000000000e+00 1.976214938990222603e+00 2.636045637317304458e+00 4.258334126879425696e+00 -6.717593780485351829e+00
1.000000000000000000e+00 1.121579832157269196e+00 3.105781647378569765e+00 3.366049533457785792e+00 -5.758235766589783644e+00
1.000000000000000000e+00 1.885553397035244716e+00 3.816739524729326760e+00 1.927627578515605844e+00 -3.494449108752631261e+00
1.000000000000000000e+00 5.702292921764571254e+00 6.734996324836561854e-02 5.343115839778054266e+00 -5.590984621465442395e-01
1.000000000000000000e+00 1.077283082644337142e+00 4.564309730294289658e+00 4.805119954714994535e+00 -6.147379225566673711e+00
1.000000000000000000e+00 3.140920741586571641e+00 2.692353353631776525e+00 1.656224388411937865e+00 -7.028126302893858979e-01
1.000000000000000000e+00 2.472244460347928552e+00 4.532441826616979696e-01 4.982686454880881577e+00 -7.133239257348648055e-01
1.000000000000000000e+00 2.925488643009626522e+00 2.330194714574657766e+00 3.407611757562750476e+00 -9.411912103624386461e+00
1.000000000000000000e+00 1.847463733430462440e+00 1.936542578861288444e+00 4.427826436144856714e+00 5.969884487501340686e+01
1.000000000000000000e+00 3.784006312291750884e+00 1.896767558512153951e+00 3.151529474497313466e+00 1.305646819170245720e+01
1.000000000000000000e+00 1.485882468853842564e+00 2.589153664642006358e+00 3.909857009571994002e+00 -8.027954756202348108e+00
1.000000000000000000e+00 4.075036133495848922e+00 1.875233117025467244e+00 2.344967022175488580e+00 6.158244182814023304e+00
1.000000000000000000e+00 1.700420076182620033e+00 1.891228185636063763e+00 2.551809794617868832e+00 2.523603049229690143e+01
1.000000000000000000e+00 3.591648261818683796e+00 1.795217097821093066e+00 3.276100745409006088e+00 3.530262756656322054e+00
1.000000000000000000e+00 4.485078704976340092e+00 2.734171495920634243e-02 2.962467782033423980e+00 -1.138899160524026177e+00
1.000000000000000000e+00 2.467959221322466590e+00 2.578846556070101492e+00 2.458312893546516165e+00 -3.749842847911151189e+00
1.000000000000000000e+00 5.046805777392568082e+00 3.761196003336131355e-03 4.474909430632712848e+00 -6.173100806913258687e-01
1.000000000000000000e+00 5.050566973395904213e+00 2.847946195046144879e-01 5.300611985946022564e+00 -2.389464212873676718e+00
1.000000000000000000e+00 5.335361592900518701e+00 2.308411698818382263e-01 4.899254944466749251e+00 4.249747549149219261e-01
1.000000000000000000e+00 3.507581473435998021e+00 1.483894421397877750e+00 1.524650892090874343e+00 1.658710253618089547e+00
1.000000000000000000e+00 4.249819653888826210e+00 2.600147323996901960e-01 5.933312966335732241e+00 -3.992163835576874042e-01
1.000000000000000000e+00 4.509834386288516406e+00 4.691289608919886334e-01 1.712477714507566251e+00 4.101711023394655209e-01
1.000000000000000000e+00 4.978963347180505039e+00 4.710633619073263390e-01 3.494440767256780322e+00 -9.488236388335389293e-01
1.000000000000000000e+00 2.689975784257678804e+00 1.879389789420411461e-01 4.512324852720519530e+00 -3.225097326079191529e+00
1.000000000000000000e+00 1.469909699204344999e+00 2.421491005776525096e+00 1.048854237095918407e+00 -4.530449975108965077e+00
1.000000000000000000e+00 1.179711368983710429e+00 2.148278721678590131e+00 3.588558216923557254e+00 -3.602803328919665660e+01
1.000000000000000000e+00 3.327990090662300560e+00 3.852330828755823333e-01 1.439332495724166883e+00 1.154397307153957331e-01
1.000000000000000000e+00 2.432706260641421814e+00 1.521460042203631957e+00 1.166015543956832712e+00 1.344674985111766752e+00
1.000000000000000000e+00 1.152501249695247143e+00 3.423969405082494255e-02 2.984616381007980213e+00 7.424610183220603510e-02
1.000000000000000000e+00 1.186740943746072086e+00 3.926261859552219846e+00 1.663578770215301761e+00 -3.216153592269832551e+00
1.000000000000000000e+00 1.635302563259423803e+00 1.975913737014598048e+00 5.002933495545414111e+00 2.076586159367917048e+02
1.000000000000000000e+00 3.611216300274021851e+00 1.238751465219032344e+00 2.000751221224050358e+00 1.702105831495704713e+00
1.000000000000000000e+00 2.079105137484215771e+00 2.035347241610785840e+00 1.522839201672001153e+00 -3.497214344178252787e+01
1.000000000000000000e+00 1.258408605843038597e+00 2.398364551997701266e+00 1.157930724128210187e+00 -6.577419893649995686e+00
1.000000000000000000e+00 3.656773157840739863e+00 4.640245020979261170e-02 5.681061231218449414e+00 -2.080989314547493585e+00
1.000000000000000000e+00 3.703175608050532475e+00 4.839738994405005101e-01 1.259856418257362165e+00 1.245245082944676840e+00
1.000000000000000000e+00 4.187149507491032985e+00 4.433071611222745290e-01 3.706481676505352318e+00 1.976205360568945135e+00
1.000000000000000000e+00 4.630456668613307514e+00 1.248803728699365401e+00 4.545302597254582189e+00 3.310588362216628777e+00
1.000000000000000000e+00 2.614782364706229600e+00 2.361148609137289078e+00 5.008640415348959429e+00 -9.871126848783568164e+00
1.000000000000000000e+00 2.354161256310371098e+00 8.406958472178094333e-01 5.074125568732561042e+00 -6.559964789098646776e-01
1.000000000000000000e+00 1.126753717077287664e+00 4.686488356312338510e+00 3.737961880768681411e+00 -4.528038898167043413e+00
1.000000000000000000e+00 1.782185213355430342e+00 4.690292774675461906e-01 1.408149910152947992e+00 2.288185509799323114e+00
1.000000000000000000e+00 2.251214490822976533e+00 1.494918832707625711e+00 1.301760419952818992e+00 2.452607752405334018e+00
1.000000000000000000e+00 3.746133323530602244e+00 8.268462899697097690e-01 2.235516170050732221e+00 1.478547793509243924e-02
1.000000000000000000e+00 2.399669484729714419e+00 3.374656918586255827e+00 2.096069936790221355e+00 -6.798406280062845308e-01
1.000000000000000000e+00 3.771770262557003317e+00 2.868334686147577806e-01 1.910589578443496528e+00 -2.263758836149488918e+00
1.000000000000000000e+00 2.238654947505787085e+00 5.412084457505210722e-01 3.490978582265694907e+00 -1.710169321251638230e+00
1.000000000000000000e+00 2.779863393256308157e+00 2.009367159065537756e+00 3.776817754688156281e+00 -2.426566352410778222e+02
1.000000000000000000e+00 1.071967443148779342e+00 5.083957593858019486e-01 2.142273706656493637e+00 5.232063076451087813e-02
1.000000000000000000e+00 1.203644011594850571e+00 4.073658908460185302e+00 4.251628431734684632e+00 -4.297943452900097938e+00
1.000000000000000000e+00 1.489170803255007502e+00 1.968908572329154172e+00 1.153262511029030435e+00 4.032435272488039146e+01
1.000000000000000000e+00 1.866009349550076024e+00 1.303248896639789045e+00 5.341362527041902730e+00 3.073582581337844122e+00
1.000000000000000000e+00 2.992523671986867306e+00 1.086726818274215134e+00 4.713532605999905201e+00 1.553211955573356340e+00
1.000000000000000000e+00 4.079250490261082440e+00 9.621776407713689139e-02 3.127466672240376777e+00 -1.050839386085948846e+00
1.000000000000000000e+00 1.226520048860222589e+00 1.646543024272133726e+00 2.855193814923013385e+00 7.742913896438391674e+00
1.000000000000000000e+00 2.873063073132356315e+00 1.256236505438825368e+00 5.938247818680289392e+00 3.501841286430464439e+00
1.000000000000000000e+00 3.515681292900438404e+00 1.766767913041172644e+00 5.335157480612243042e+00 8.317516989912347114e+00
1.000000000000000000e+00 1.352843737002149105e+00 2.859252654029428520e+00 3.433344707123514361e+00 -9.407287535351834151e+00
1.000000000000000000e+00 1.132556552708109177e+00 2.796321353659207087e+00 5.503509320056292786e+00 -1.603210403308628074e+01
1.000000000000000000e+00 3.928877906367316264e+00 1.772273300757471581e+00 3.108604634367277075e+00 2.484164080379335005e+00
1.000000000000000000e+00 2.940849631032609324e+00 1.275591461179156560e+00 5.561816728083455175e+00 3.214462781132819025e+00
1.000000000000000000e+00 3.291264452457583367e+00 4.368194941220915339e-01 4.114832917817413893e+00 -1.974832412960419448e-01
1.000000000000000000e+00 3.728083946579674901e+00 1.979240097302950474e+00 4.157801100462602761e+00 8.811714405465822608e+01
1.000000000000000000e+00 2.930513189003871144e+00 2.875439630115699696e+00 1.657838425636299018e+00 -5.348276354136997091e-01
1.000000000000000000e+00 1.346806504375827274e+00 1.570835025113059835e-01 2.187716624619388206e+00 1.421252594202075503e+00
1.000000000000000000e+00 1.091109128257748750e+00 3.811056755218933390e-01 1.904884763547448845e+00 -1.589387802787202375e+00
1.000000000000000000e+00 1.472214803779642089e+00 2.942819063302142268e+00 5.271925466847895869e+00 -8.352446836946386455e+00
1.000000000000000000e+00 1.355943242301144824e+00 1.238934909167661580e+00 2.236155372015885323e+00 -3.348516349766348377e-01
1.000000000000000000e+00 2.594878151468806404e+00 2.629498403378466076e+00 5.353749506362556865e+00 -4.739132157080724994e+00
1.000000000000000000e+00 1.116359678679129441e+00 3.955982734265549805e+00 3.574086769648451067e+00 -7.166880884809870622e+00
1.000000000000000000e+00 1.590824138108281272e+00 2.892861688712472290e+00 1.817619362925113835e+00 -4.159975596823048960e+00
1.000000000000000000e+00 4.144714233899420286e+00 1.242645833735844363e+00 5.847061611676437565e+00 9.688615309459503999e-01
1.000000000000000000e+00 4.675355219019428965e+00 3.420494329048135995e-01 4.283683322706460572e+00 -2.831794210069144668e+00
1.000000000000000000e+00 1.887197718898613985e+00 2.865876039305677914e+00 1.654368303591749134e+00 -2.292418791609085016e+00
1.000000000000000000e+00 4.753073758204291899e+00 2.810999381320282708e-01 5.849105225392723817e+00 -7.164136068570398086e-02
1.000000000000000000e+00 5.034173696336320170e+00 9.183520136670466627e-01 3.268947706918196250e+00 1.554336331376909852e-01
1.000000000000000000e+00 2.860090428963915965e+00 2.021974374746068559e+00 1.848789525437703585e+00 -5.167648346904438483e+01
1.000000000000000000e+00 2.704017701265089002e+00 2.949768926752734721e+00 2.685015882156431388e+00 7.754374386362474780e-01
1.000000000000000000e+00 3.144970136875091526e+00 1.609385202082394883e+00 2.243571362938149516e+00 3.360220765668438414e+00
1.000000000000000000e+00 4.754355338957486410e+00 1.835903146592521296e-02 4.085724933020149940e+00 4.060496324749945707e+00
1.000000000000000000e+00 1.515619344179663042e+00 3.997145189218170191e+00 1.835209539504749188e+00 -3.239155580289029057e+00
1.000000000000000000e+00 3.526261862239285616e+00 1.606025468299422609e+00 1.183357134667714750e+00 2.719783971809307310e+00
1.000000000000000000e+00 2.600248005153058983e+00 2.877368137327943387e+00 4.319022638109025536e+00 -3.120868306509358980e+00
1.000000000000000000e+00 1.054188257401491802e+00 4.472721624694826481e+00 5.028350764750266322e+00 -7.236681751586591105e+00
1.000000000000000000e+00 1.456433383930667791e+00 1.140134804021406545e+00 5.341356402566293404e+00 6.432748527800132621e+00
1.000000000000000000e+00 2.596568187952074336e+00 3.153741647301950390e+00 2.029206050183841370e+00 -2.383236311474308700e+00
1.000000000000000000e+00 5.750309835254024726e+00 2.725899433755785140e-03 1.559598096988639382e+00 -6.819680039540391148e-01
1.000000000000000000e+00 3.867189440616430662e+00 2.919966202325654514e-01 1.285434280446574373e+00 -5.827876203506686892e+00
1.000000000000000000e+00 2.466053858490322881e+00 1.772688683592571479e-01 1.196717703342548234e+00 5.107143420702831005e-01
1.000000000000000000e+00 2.643322726849580029e+00 1.719269553535611728e+00 1.610549570050133994e+00 9.274402412288140773e-01
1.000000000000000000e+00 4.362592280385191756e+00 3.992803668032083309e-01 3.260995141417176502e+00 -1.170495071862897474e+00
1.000000000000000000e+00 4.761872647188400087e+00 1.960225714408423414e-01 5.669375087639524580e+00 -2.089657860314194870e+00
1.000000000000000000e+00 1.456030515243451839e+00 2.016071008269455511e+00 1.207864295251960485e+00 -8.659576595590843340e+01
1.000000000000000000e+00 1.287793800083221418e+00 2.459850611535456366e+00 5.933150614794234556e+00 -1.939577926804828678e+01
1.000000000000000000e+00 3.207652506866884856e+00 2.230868406924614078e+00 1.024699904672047968e+00 -2.517646426734827525e+00
1.000000000000000000e+00 1.585335082138029428e+00 1.296233281261498504e-01 5.339591472600110578e+00 5.710489192530165958e-02
1.000000000000000000e+00 1.714958410264179278e+00 3.092594748323182152e+00 3.273699278169295290e+00 -2.263354573505237166e+00
1.000000000000000000e+00 1.420534030574987172e+00 3.084311626720612765e+00 1.698256273781564518e+00 -3.342873153222393423e+00
1.000000000000000000e+00 1.363815031820967638e+00 3.745485264630813660e+00 2.539649707955954572e+00 -3.958631954585483115e+00
1.000000000000000000e+00 1.406743903209498825e+00 1.744466721646076302e-02 4.367162166624586561e+00 5.833317975703609104e-01
1.000000000000000000e+00 1.424188570425959588e+00 4.509009322079917226e+00 5.849560230536352101e+00 -4.071814774384744595e+00
1.000000000000000000e+00 2.853210735334454462e+00 2.210787100953058193e+00 3.218751096522855626e+00 -8.506769540907983540e+00
1.000000000000000000e+00 5.063997836287512655e+00 6.722450506317807495e-01 5.340711271887526479e+00 -1.116755553529438227e+00
1.000000000000000000e+00 5.736242886919293404e+00 1.937624321950606188e-01 1.885748947236929540e+00 5.850055834689340539e-01
1.000000000000000000e+00 1.417503583493343822e+00 3.468230996143840006e+00 4.416240141448229295e+00 -5.692364063110742833e+00
1.000000000000000000e+00 3.121110046234881530e+00 2.410661879238798377e+00 5.344524922393590671e+00 -6.487052887137742196e+00
1.000000000000000000e+00 1.555987411530756592e+00 1.907138109923538938e+00 1.151935298484184411e+00 1.165879723190260187e+01
1.000000000000000000e+00 1.056768223837095455e+00 2.286534986133535785e+00 4.447633755157805346e+00 -3.029376114410469967e+01
1.000000000000000000e+00 1.281516378409186752e+00 3.125732029311729665e-01 2.078375761988585868e+00 5.734114275013485473e-01
1.000000000000000000e+00 1.587631233885524296e+00 2.658420276694793749e+00 2.969322028270792391e+00 -1.034671765797620502e+01
1.000000000000000000e+00 4.246051510580318045e+00 4.841728857467986202e-01 4.256164885207460280e+00 -1.563767904638942774e+00
1.000000000000000000e+00 3.916843825485798014e+00 1.894018916886911263e+00 4.289226523015179815e+00 1.454223960385591674e+01
1.000000000000000000e+00 2.428560431409303888e+00 2.914435209537997729e+00 5.885870921106586273e+00 -7.933652950860627051e+00
1.000000000000000000e+00 2.117979192597263083e+00 3.698133504605793487e+00 5.353767251686296191e+00 -5.605293757731296012e+00
1.000000000000000000e+00 1.060772373449081707e+00 4.788621760089113444e+00 3.835081304933338764e+00 -2.835029761273341276e+00
1.000000000000000000e+00 1.215799559752880565e+00 4.239916008737475650e+00 5.392577806506739790e+00 -5.252230671257279937e+00
1.000000000000000000e+00 3.638505545431499399e+00 2.326318435165002363e+00 2.635165807816193251e+00 -4.645307570446554735e+00
1.000000000000000000e+00 1.368982823676994309e+00 2.400288598329609613e+00 5.039229709706292581e+00 -1.618750007706680094e+01
1.000000000000000000e+00 3.769271422006603700e+00 2.077241256088891319e+00 4.811425673883078957e+00 -3.006741770853436435e+01
1.000000000000000000e+00 3.615489220850744090e+00 5.315039698255681344e-01 3.177916574064664879e+00 -2.290195736885589639e+00
1.000000000000000000e+00 4.146993190676312224e+00 3.317502542467734017e-01 5.089171080875107833e+00 9.937433848768305600e-01
1.000000000000000000e+00 3.272705323838866143e+00 8.650850765814510623e-01 3.722445489804247831e+00 1.688531305609921374e+00
1.000000000000000000e+00 3.921571559615501190e+00 1.584218492839443382e+00 2.622929149501351365e+00 1.373726679146020757e+00
1.000000000000000000e+00 1.227231901707289463e+00 1.177584046253862038e+00 2.980863458046276726e+00 1.069064075913594758e+00
1.000000000000000000e+00 2.404815947961151501e+00 3.347241472421642605e+00 4.477336033449311081e+00 -1.298072815870598529e+00
1.000000000000000000e+00 3.278283763928564909e+00 8.223792250791186476e-01 2.187720654371637430e+00 -2.436169627795803372e+00
1.000000000000000000e+00 1.940605798618806555e+00 1.377886226081104004e+00 1.365979618842218191e+00 3.260317719101516465e-01
1.000000000000000000e+00 2.766761140130264085e+00 1.151519419124096277e+00 4.341063992775080926e+00 2.175761168685744540e+00
1.000000000000000000e+00 1.388673184824924078e+00 4.483300853505908456e+00 3.317470219002861764e+00 -4.119464610468197563e-01
1.000000000000000000e+00 5.871974038330832535e+00 5.907968406718211440e-02 2.898928900896148964e+00 4.714508979105340170e-01
1.000000000000000000e+00 2.547638081431638835e+00 2.521337017103104206e+00 1.128210329032178549e+00 -9.558397453446457748e-01
1.000000000000000000e+00 1.813084696724456490e+00 3.741551225744755627e+00 2.994113904484502431e+00 -3.752779592417960774e+00
1.000000000000000000e+00 5.112686214615845159e+00 6.363133518437749103e-01 3.668012733634392397e+00 1.217321689410486352e+00
1.000000000000000000e+00 3.091215181453094374e+00 2.572427235316972371e+00 4.590615381132471917e+00 -5.261235217671962339e+00
1.000000000000000000e+00 1.131834872486260135e+00 1.750481961903987749e+00 1.037814374890710489e+00 2.740590081099039566e+00
1.000000000000000000e+00 2.882316834390247884e+00 2.170449819518916357e+00 4.237373570773015352e+00 -1.409917931341773567e+01
1.000000000000000000e+00 5.052766653909164241e+00 8.836139926655581789e-01 5.490152744749934755e+00 2.325748910149627147e+00
1.000000000000000000e+00 1.752084455517640915e+00 2.218569121243034736e+00 5.635172723981533238e+00 -2.550696220334083364e+01
1.000000000000000000e+00 2.904454283155107674e+00 2.945117705917908779e+00 5.672180134027571263e+00 -4.856721117921694031e+00
1.000000000000000000e+00 1.281877483254635575e+00 4.041734398020629726e+00 5.015129489163316912e+00 -7.685728291445451887e+00
1.000000000000000000e+00 5.064505045650387949e+00 9.340833207802647919e-01 2.556538495780018128e+00 -3.425534971765120229e+00
1.000000000000000000e+00 3.777158528013137229e+00 1.067778547889415286e+00 2.363120003667668723e+00 8.649298710091979370e-01
1.000000000000000000e+00 4.844937075902552515e+00 8.788915735095876869e-01 3.067745507626757462e+00 2.201213240999175813e+00
1.000000000000000000e+00 2.236740508715988174e+00 1.015980167834479531e+00 4.405589269824914389e+00 3.360543070564983914e+00
1.000000000000000000e+00 1.645797075757474914e+00 4.124458060536136728e+00 3.625816918335300620e+00 -2.027401918214199128e+00
1.000000000000000000e+00 2.143214027517313713e+00 2.215289394511969601e+00 3.836561098144517956e+00 -1.526096277927339528e+01
1.000000000000000000e+00 1.567787960998145103e+00 2.790078016965853003e+00 5.029962748875790979e+00 -7.387668934199231430e+00
1.000000000000000000e+00 3.601538504518966732e+00 1.260053454159230313e+00 1.217062664274095818e+00 2.006186019852912228e+00
1.000000000000000000e+00 3.600817505559966936e+00 1.660089996032733328e+00 5.757016711033284828e+00 5.820835201212170240e+00
1.000000000000000000e+00 3.759534193872427821e+00 4.515566380450364292e-02 5.095944297133950585e+00 6.786299402744093712e-01
1.000000000000000000e+00 3.804689857676931464e+00 1.578578155614793754e+00 5.421032316742039114e+00 3.581984527646108862e+00
1.000000000000000000e+00 1.143913381566694865e+00 3.631772896801400030e+00 3.055142349033523441e+00 -3.838961144713462836e+00
1.000000000000000000e+00 4.101547756767323527e+00 4.188510837287946487e-01 5.500115616990055578e+00 -2.613719789029343765e+00
1.000000000000000000e+00 1.072723328339409754e+00 1.680214465693575132e+00 2.374030177740680259e+00 7.687048107417974840e+00
1.000000000000000000e+00 2.752937794032984886e+00 1.196650640240180419e+00 5.113071592568392276e+00 4.077605347950303383e+00
1.000000000000000000e+00 2.961220225498661485e+00 2.261543846199840502e-01 4.337749496457352194e+00 1.045755401344796942e+00
1.000000000000000000e+00 3.187374610118645535e+00 2.333418862350096212e+00 1.477676569173340893e+00 -1.615508204917160739e+00
1.000000000000000000e+00 2.741277335116501845e+00 8.286701106825522523e-01 3.258838393686145807e+00 8.571421296651390298e-01
1.000000000000000000e+00 3.569947445799054098e+00 1.348317617906661159e+00 3.933042315877370410e+00 -2.017409114912021462e+00
1.000000000000000000e+00 2.982713911606350798e+00 1.127719589533016986e+00 4.684368724720910926e+00 1.593447828703347557e+00
1.000000000000000000e+00 4.110433501139367785e+00 1.201385042594358410e+00 5.313985387716142483e+00 2.389461791242181388e+00
1.000000000000000000e+00 5.311818543733726194e+00 4.357845745544848270e-01 2.083699000453878014e+00 -1.019643868121446806e+00
1.000000000000000000e+00 1.735367404645189682e+00 3.897570721162282759e+00 1.118192930231681981e+00 -2.219861533367062378e+00
1.000000000000000000e+00 2.291221941494791636e+00 1.004456839696514781e+00 3.733487063570350095e+00 3.769578079758450606e+00
1.000000000000000000e+00 3.295678781191306417e+00 2.604484095236079266e+00 2.159735480579877187e+00 -2.396667531116183358e+00
1.000000000000000000e+00 2.643758051437540946e+00 1.523246220146087904e+00 3.483834294295847123e+00 4.275278038007654935e+00
1.000000000000000000e+00 1.379316640543319483e+00 2.650819690099266435e-01 4.475722770237968717e+00 1.612961480479961907e-01
1.000000000000000000e+00 1.640229194788862088e+00 1.192842727726097785e-01 3.140998074628073677e+00 -2.277532060653805868e+00
1.000000000000000000e+00 1.694135863247050677e+00 2.510237860769022333e+00 4.462180756621847877e+00 -1.025064676356115889e+01
1.000000000000000000e+00 1.909400421995724129e+00 8.189359946235919008e-01 1.641971447270626161e+00 2.676809856802951693e+00
1.000000000000000000e+00 2.728336416619316029e+00 2.755605632910743008e+00 1.520548246920831570e+00 1.346308231542476808e+00
1.000000000000000000e+00 3.369808201314361540e+00 9.679804912907741254e-01 3.891934585032045479e+00 9.834599230423618499e-01
1.000000000000000000e+00 1.861599356008149186e+00 9.984573803520468971e-02 1.397096844944933025e+00 -6.366626677932575307e-01
1.000000000000000000e+00 1.204343081332394316e+00 6.403322340284285374e-01 5.470954373320591202e+00 2.243714235578761151e+00
1.000000000000000000e+00 1.844675315360822854e+00 5.482763797989700372e-01 1.959336623593714410e+00 1.551251652567875450e-02
1.000000000000000000e+00 1.443512668785277953e+00 1.596666867177261029e-01 2.774981529159686655e+00 1.642186075405939860e+00
1.000000000000000000e+00 1.603179355503004055e+00 1.700714484660624803e+00 1.347119213730466836e+00 2.340548642020273462e+00
1.000000000000000000e+00 2.031668592028962550e+00 7.896807132114149752e-01 1.338062817961074513e+00 -9.683995487027918792e-02
1.000000000000000000e+00 2.821349305240377525e+00 6.957370490339069846e-01 5.001782539111808035e+00 -1.040181429657067946e+00
1.000000000000000000e+00 3.517086354274284510e+00 9.348877888725422025e-01 2.168560409552164892e+00 -1.207098541955349269e+00
1.000000000000000000e+00 1.196560699205494682e+00 3.800491295339718523e+00 5.400395437807291366e+00 -6.932409632754870543e+00
1.000000000000000000e+00 1.408795159744359538e+00 3.959097960789526915e+00 2.621668765576878002e+00 -1.639596160340061060e+00
1.000000000000000000e+00 5.367893120533886453e+00 2.364688821251794693e-01 2.665009565290989535e+00 -1.237736559534736713e+00
1.000000000000000000e+00 1.305389799274318641e+00 1.078998441461699986e+00 5.970696806105837418e+00 5.804793392639890470e+00
1.000000000000000000e+00 2.384388240736018627e+00 2.646618158229288031e+00 4.309195949246893420e+00 -4.183234628057978632e+00
1.000000000000000000e+00 1.922605096781886624e+00 1.241415199016648874e-01 3.326028061418590642e+00 2.614548360260305682e+00
1.000000000000000000e+00 2.046746616683551512e+00 8.056138972733584147e-01 1.300711713003926073e+00 4.777466432194187318e-01
1.000000000000000000e+00 2.852360513956909926e+00 5.702544119981967086e-01 3.811484079389549251e+00 -1.539511806358380586e+00
1.000000000000000000e+00 3.422614925955106635e+00 6.686589316963731378e-01 5.788126422526900683e+00 -9.336756092810293284e-01
1.000000000000000000e+00 2.844568197848861946e+00 4.681053828168777464e-01 4.450024454103328253e+00 -2.373333652633667690e+00
1.000000000000000000e+00 3.312673580665739692e+00 1.424681110003042761e+00 2.004668443295282376e+00 3.315393643371596255e+00
1.000000000000000000e+00 1.183416014452989495e+00 1.078768707267114157e+00 1.483382248233598100e+00 -1.251475042050464115e+00
1.000000000000000000e+00 2.262184721720103653e+00 2.304563207702658545e+00 3.251854681290925697e+00 -6.914440255181408368e+00
1.000000000000000000e+00 4.566747929422762198e+00 9.092862590132346767e-01 4.780816644476230337e+00 -6.897181014976165869e-01
1.000000000000000000e+00 3.558387210578330517e+00 1.021802157482478712e-01 4.324558622436089905e+00 -1.524849891143869485e+00
1.000000000000000000e+00 1.535860056698880260e+00 1.701201777418392957e+00 5.635889097397263292e+00 1.716609517522109840e+01
1.000000000000000000e+00 3.237061834117273218e+00 4.260244981578424905e-01 2.173210409277267718e+00 -1.396522754976447178e+00
1.000000000000000000e+00 2.212352518173648086e+00 1.338636365732566169e-01 1.762080066652087051e+00 1.270776831114846406e+00
1.000000000000000000e+00 2.346216154746904703e+00 5.402046607762085451e-01 5.962417510791875763e+00 2.063296777273959659e+00
1.000000000000000000e+00 1.100355988888631842e+00 1.510039839027259578e+00 3.699785651402797804e+00 7.601499602761830232e+00
1.000000000000000000e+00 2.057240034982723120e+00 5.802467259068500027e-01 3.604789886360210804e+00 -1.350449276805762988e+00
1.000000000000000000e+00 1.598810659096256082e+00 3.853825744603218695e+00 1.445622160580083193e+00 -1.757371787167380628e+00
1.000000000000000000e+00 3.967962267770243301e+00 4.275493279522049050e-01 1.638567418176174240e+00 7.437186857236899318e-01
1.000000000000000000e+00 4.395511595722448206e+00 5.503445973142433445e-01 5.130338151262641588e+00 -6.763047949777172274e-01
1.000000000000000000e+00 1.434601440437118569e+00 2.250931268655620432e+00 1.180801902623810573e+00 -3.779371431036896656e+00
1.000000000000000000e+00 3.685532709092739001e+00 2.486728810116565214e-01 2.515641779726642824e+00 1.653978296186363162e+00
1.000000000000000000e+00 3.934205590104395522e+00 7.929917808172546323e-01 2.315562849554214431e+00 -1.623623195387476681e+00
1.000000000000000000e+00 1.637901513977818801e+00 7.809780150158034395e-01 5.684789115155314043e+00 2.739412817073022310e+00
1.000000000000000000e+00 2.418879528993622241e+00 3.965319529995530168e-01 3.769011203561881462e+00 1.951804347861491706e+00
1.000000000000000000e+00 2.815411481993175258e+00 1.414174724664830407e+00 2.527621553290117618e+00 1.006343170021504196e+00
1.000000000000000000e+00 2.780483629489231223e+00 3.152092614475666910e+00 4.002971666803086137e+00 -3.648534853224297159e+00
1.000000000000000000e+00 1.508912363102018706e+00 2.553833328196413177e-01 5.960790074116562920e+00 -2.220356698263919792e+00
1.000000000000000000e+00 1.764295695921660023e+00 4.654929460008805364e-01 5.257124788725478837e+00 -1.900757282388798597e+00
1.000000000000000000e+00 1.803406866297778244e+00 1.294282539587505720e-01 5.652976073219581288e+00 -3.779586498385357096e+00
1.000000000000000000e+00 1.932835120256528816e+00 4.926407232127065772e-01 1.581831989427380458e+00 -2.480340090029706790e+00
1.000000000000000000e+00 1.866867976473774116e+00 3.616959146658351720e+00 2.903116467382900190e+00 -2.639925287401877263e+00
1.000000000000000000e+00 1.401168728308211042e+00 2.221388219543062092e+00 5.340283450537251397e+00 -2.893439880795705577e+01
1.000000000000000000e+00 3.051984134948307670e+00 2.859908949594724525e+00 4.950152181535306894e+00 -5.371727390563505899e+00
1.000000000000000000e+00 1.560194510840261728e+00 1.429083484388446568e+00 1.404596415256260888e+00 8.345553042411861799e-01
1.000000000000000000e+00 2.989277995228708296e+00 2.858074171148136333e+00 3.014900893825807060e+00 8.352858590371381453e-02
1.000000000000000000e+00 1.854437936950329213e+00 2.488778162671825722e+00 4.204860386726659627e+00 -1.124557117243980642e+01
1.000000000000000000e+00 4.343216099622154935e+00 1.303663846015774119e+00 5.112402818171804419e+00 -8.776321129743263061e-01
1.000000000000000000e+00 3.783814465069649025e+00 7.424898227985021748e-02 5.310072411363112366e+00 -1.817855113446523729e+00
1.000000000000000000e+00 2.399895468301420642e+00 2.447569197658263640e+00 3.435309594094679397e+00 -7.485444920560187398e+00
1.000000000000000000e+00 1.935218742787616852e+00 6.831774392336014134e-01 4.824049004514977312e+00 -1.784692494874585034e+00
1.000000000000000000e+00 2.618396182021218266e+00 5.087860110608657394e-01 1.874193136302062745e+00 -4.687954236422793852e-01
1.000000000000000000e+00 3.127182193082084005e+00 4.108697003401911019e-01 3.512830382317212230e+00 1.163056020980228533e+00
1.000000000000000000e+00 1.574184123696017679e+00 2.478916088512145066e+00 2.837672111457657298e+00 -9.732443144257693746e+00
1.000000000000000000e+00 2.443152766201278858e+00 1.463038340911782420e+00 1.129059534747435034e+00 1.200569751632392101e+00
1.000000000000000000e+00 1.771813576371011667e+00 1.633886932903075628e+00 5.815575557945869001e+00 1.288477598828947812e+01
1.000000000000000000e+00 3.405700509274087295e+00 2.572466534838420138e-01 3.747647679475084814e+00 -5.138324957495968848e-01
1.000000000000000000e+00 1.259117684112134539e+00 1.423903706857468476e+00 3.162489391650659787e+00 5.519433536103448112e+00
1.000000000000000000e+00 1.316874852363838722e+00 4.632926309585887914e+00 3.197558443164550734e+00 -3.013352440124996701e+00
1.000000000000000000e+00 2.611769224873614625e+00 2.437603004399560014e+00 4.204131573451030945e+00 -8.664184149171678229e+00
1.000000000000000000e+00 2.273203273818819259e+00 2.134310337300826976e+00 4.097939774489147702e+00 -2.112915460472265394e+01
1.000000000000000000e+00 4.407513611119646235e+00 3.936256883287869712e-01 4.251005461990766676e+00 1.713069567231886969e+00
1.000000000000000000e+00 2.744341332714976378e+00 2.903304388524153179e+00 1.290818977527378841e+00 7.370031504372720477e-01
1.000000000000000000e+00 5.153097038938645902e+00 6.720375143939172347e-01 1.288902804981833183e+00 1.775009351547538472e+00
1.000000000000000000e+00 1.621486117427723528e+00 3.032851258590497423e+00 5.918394626317067697e+00 -1.122487891664736104e+01
1.000000000000000000e+00 4.654337376018220951e+00 1.037364908086968462e+00 2.195900521079628298e+00 1.954519177768901494e+00
1.000000000000000000e+00 1.332481336833887475e+00 3.373121909616407343e+00 2.516375737837977855e+00 -2.630195812338809613e+00
1.000000000000000000e+00 3.872365565899559492e+00 1.336778317891800683e+00 4.460806708470659743e+00 -5.744184295618923741e-01
1.000000000000000000e+00 1.698861883131447481e+00 3.277474676168003587e+00 3.547110640748948551e+00 -4.645298685129081839e+00
1.000000000000000000e+00 1.818279714328522534e+00 3.049275326442169032e-03 4.076097191155054311e+00 -2.712975589918923403e-01
1.000000000000000000e+00 1.821328989654964703e+00 3.251544611501945958e+00 2.531268103933058455e+00 -1.552844777807265153e-01
1.000000000000000000e+00 2.794152420617512345e+00 2.591850283448029035e+00 1.653551883700997482e+00 -9.166593648007728135e-01
1.000000000000000000e+00 2.962225537113177154e+00 2.120771660244708201e+00 3.248923244106612707e+00 -1.729233483024207274e+01
1.000000000000000000e+00 2.884722147124537894e+00 4.286767812234941744e-01 3.070648762644635266e+00 2.411895251661534623e+00
1.000000000000000000e+00 2.506889370820710283e+00 2.231157530060545291e+00 4.668071902807009899e+00 -1.469346681201209925e+01
1.000000000000000000e+00 2.161063475734086303e+00 3.336809390638755701e+00 3.080769990898807542e+00 -3.268285175016131028e+00
1.000000000000000000e+00 2.919456106866057166e+00 7.983081987038858074e-01 1.095961384115283543e+00 -3.272129070455515043e-01
1.000000000000000000e+00 3.717764305569942973e+00 1.814596249252792060e+00 2.299066043725170871e+00 2.357325045069926350e+00
1.000000000000000000e+00 1.584490203541820463e+00 4.114670414525555486e+00 3.676550657262958488e+00 -3.739097269071533169e+00
1.000000000000000000e+00 1.696360363316936404e+00 3.273765583034543791e+00 5.879368774550268739e+00 -6.318353817192913446e+00
1.000000000000000000e+00 3.667305459881607721e+00 1.802157455373180728e+00 3.439270219631812342e+00 6.466753949898757625e+00
1.000000000000000000e+00 1.758374398663755889e+00 8.002359403139853722e-01 3.271886672799804607e+00 1.742792604360976938e+00
1.000000000000000000e+00 2.242445699072328935e+00 2.477285763791055473e+00 1.490412903921222831e+00 -4.238511657531912391e+00
1.000000000000000000e+00 1.167662173678897020e+00 2.681786250677685501e+00 1.750243323469921286e+00 -5.020271973775964902e+00
1.000000000000000000e+00 3.849448424356582521e+00 9.628450043468701480e-01 2.623379634450299758e+00 1.056952044943469726e+00
1.000000000000000000e+00 4.812293428703452669e+00 5.715347551052945008e-01 4.686785386938998599e+00 -4.259924676671617005e-02
1.000000000000000000e+00 2.710408743579537205e+00 2.395877779780527295e+00 2.879441425728846760e+00 -7.901455029692156629e+00
1.000000000000000000e+00 1.553158684776036136e+00 3.679102773896554712e+00 3.297233842029933193e+00 -4.418634306011518298e+00
1.000000000000000000e+00 1.637443311659912082e+00 1.348993141141924257e+00 5.460423444701172357e+00 8.575223599914361117e+00
1.000000000000000000e+00 2.986436452801836339e+00 2.000040376095931549e+00 5.776673432519641160e+00 -7.934299119781024638e+04
1.000000000000000000e+00 1.749587136743868898e+00 3.966698394193384214e-01 2.577034478740063861e+00 -4.942063318855848264e-01
1.000000000000000000e+00 2.146256976163207320e+00 2.465005865802123886e+00 4.440673530432710514e+00 -9.098538956193483074e+00
1.000000000000000000e+00 4.205738164426486847e+00 2.640040579090134898e-01 5.204357897129613164e+00 2.156714986166401893e+00
1.000000000000000000e+00 2.258995294534763776e+00 4.694846729848332068e-01 3.307387323123670786e+00 1.599362846729226462e+00
1.000000000000000000e+00 1.907988584007128452e+00 3.634264222661013122e+00 4.296769611028913971e+00 -2.653837954294790080e+00
1.000000000000000000e+00 3.004257083818199447e+00 3.057719344024638630e-01 4.069667923800309062e+00 -2.070858184188498541e+00
1.000000000000000000e+00 3.310029018220663311e+00 2.426387679838413192e+00 1.333260202803449701e+00 -1.282328553019304485e+00
1.000000000000000000e+00 1.766757015580401102e+00 2.164392144503584969e+00 1.750845004085208156e+00 -9.803376586119968650e+00
1.000000000000000000e+00 3.529443394422330016e+00 5.278277827509088027e-01 3.561109604063372291e+00 -1.514672916419890658e+00
1.000000000000000000e+00 1.090550919104202432e+00 4.270068625616554314e+00 1.208364503011921443e+00 -3.070912295771608846e+00
1.000000000000000000e+00 5.360619544720757190e+00 2.999718676973044396e-01 1.423960080229015990e+00 2.714172721980617986e+00
1.000000000000000000e+00 3.825665917946044825e+00 6.575882014384162311e-01 1.360421679993366828e+00 -3.482616851276927328e-01
1.000000000000000000e+00 4.483254119384461056e+00 1.129242786502017815e+00 1.356283638826293103e+00 2.989557457377688188e+00
1.000000000000000000e+00 1.762695214571306845e+00 2.118746586262759024e+00 4.687541797295034840e+00 -3.745767926900854405e+01
1.000000000000000000e+00 3.881441800834065869e+00 1.521334310802138212e-01 2.766257042510321007e+00 4.345240723758800883e-01
1.000000000000000000e+00 3.120653356511930099e+00 1.561567821611683726e+00 2.748516148729247988e+00 3.369756973622849205e+00
1.000000000000000000e+00 4.682221178123613825e+00 9.896138957214599685e-01 4.873267655905909379e+00 -1.441269010586203381e+00
1.000000000000000000e+00 1.566190229203776152e+00 4.358015765607897052e+00 1.491978248566986576e+00 -1.041479508399415055e+00
1.000000000000000000e+00 1.623313406016334337e+00 3.980896007070527265e+00 2.325232141625019899e+00 5.776070482668460571e-02
1.000000000000000000e+00 3.594190285630360471e+00 3.621868930942859777e-01 5.839300174225152240e+00 5.515732182104408077e-01
1.000000000000000000e+00 1.273808194110156666e+00 1.402178014119348060e+00 4.123317844271318755e+00 6.634061273291004035e+00
1.000000000000000000e+00 2.675986208229504726e+00 2.338281034760552046e+00 2.909698198264479618e+00 -3.339715737143361451e+00
1.000000000000000000e+00 1.023160115023014294e+00 1.644335743432706609e+00 1.606932090797032142e+00 5.757750804643638531e+00
1.000000000000000000e+00 2.667495858455720903e+00 3.233476094989957694e-01 4.075064840194333016e+00 -1.550844159672445821e+00
1.000000000000000000e+00 2.990843467954716672e+00 6.961345467348976079e-01 4.873168903188940249e+00 9.875794723394231145e-01
1.000000000000000000e+00 3.686978014689614280e+00 1.912300067374188561e+00 4.219521267705653500e+00 2.194122874092943576e+01
1.000000000000000000e+00 2.731729971829806480e+00 3.036037651332090803e-03 1.209756117158181432e+00 -2.970665712341736597e+00
1.000000000000000000e+00 2.734766009481138571e+00 1.952740231067603194e+00 5.842443887971919381e+00 7.353865290971910440e+01
1.000000000000000000e+00 2.123024114699910037e+00 1.139173465963557064e+00 5.899851646794253668e+00 4.442310293591731352e+00
1.000000000000000000e+00 1.704285101898999288e+00 1.776498306321172560e-01 3.912113291036232177e+00 -1.212260684320555670e+00
1.000000000000000000e+00 1.881934932531116544e+00 1.609903931166281943e+00 4.740365897147660768e+00 1.050899306949300360e+01
1.000000000000000000e+00 3.094627247522739655e+00 2.479602257817760336e+00 4.282393036657513363e+00 -4.784499576397439391e+00
1.000000000000000000e+00 2.811969495583165557e+00 1.090972255807051816e+00 2.691337529972491982e+00 4.495966290825213818e+00
1.000000000000000000e+00 3.902941751390217373e+00 2.583796882074342882e-01 5.640418201630248873e+00 -1.730049177934458227e+00
1.000000000000000000e+00 1.065472282941668070e+00 3.252214577141884888e+00 2.860835119187566722e+00 -4.222733217054552846e+00
1.000000000000000000e+00 1.890179834348757026e+00 3.915171752998518606e+00 3.197024948472261041e+00 -4.409413139037498652e+00
1.000000000000000000e+00 1.743313638765564777e+00 1.329806979869553762e+00 5.715379188723537673e+00 2.817851642688645519e+00
1.000000000000000000e+00 1.426748340393219294e+00 4.557622918836517378e+00 1.607506881504590313e+00 -4.920519979869760085e+00
1.000000000000000000e+00 3.510975051656212820e+00 4.659500349440062195e-01 5.434624501046347866e+00 3.320239973247356424e-01
1.000000000000000000e+00 1.335382386942137511e+00 3.414419965053751671e+00 2.429533946195800542e+00 -3.205263129590336213e+00
1.000000000000000000e+00 2.049527965477929037e+00 3.440743481725639263e+00 5.306849981817180151e+00 -5.725556948050357420e+00
1.000000000000000000e+00 1.182748339240474511e+00 2.177586386309521505e+00 4.775209643731391118e+00 -4.364855794404904543e+01
1.000000000000000000e+00 3.360334725549996016e+00 4.638709407630861037e-01 3.302697486370699931e+00 -1.487798133935630984e+00
1.000000000000000000e+00 1.328543197141761834e+00 3.549094886333290955e+00 4.642453385808066102e+00 -6.371215167564616699e+00
1.000000000000000000e+00 3.266444173740138179e+00 3.555071728977621248e-01 4.280809188405357624e+00 8.464256749705270089e-01
1.000000000000000000e+00 3.003815304376630024e+00 7.943863521644596304e-01 5.923348697622540904e+00 1.072799909214773528e+00
1.000000000000000000e+00 1.776201229653562530e+00 1.334394228227930856e-01 1.215868678985058349e+00 1.887931992168934703e-01
1.000000000000000000e+00 1.909640652476355616e+00 3.399287452591230885e+00 1.824074078647185626e+00 -2.473291899126618176e+00
1.000000000000000000e+00 5.308928105067586500e+00 4.216492056005769484e-01 1.658643867272809658e+00 2.767914387053925118e+00
1.000000000000000000e+00 2.353723365717768967e+00 1.866274350477309607e+00 2.067556831553359675e+00 8.496409802826498492e+00
1.000000000000000000e+00 1.126931778301724307e+00 6.538312085292274922e-01 4.664007723831252505e+00 5.427524264758656347e-01
1.000000000000000000e+00 1.780762986830951800e+00 2.799098157406036069e+00 3.711186027459241643e+00 -6.722187249513767782e+00
1.000000000000000000e+00 1.135479962517417452e+00 9.743808471473296429e-01 2.487742256594102752e+00 2.656465396520641065e+00
1.000000000000000000e+00 2.109860809664747094e+00 4.551317327560999715e-02 3.825109964295080545e+00 -2.291436744905180234e+00
1.000000000000000000e+00 2.155373982940357092e+00 2.204089735053285093e+00 4.444426510250453433e+00 -1.808456318991628464e+01
1.000000000000000000e+00 1.098552688771820662e+00 4.219902211510486723e-01 4.181456769896239933e+00 -1.079634180230606422e+00
1.000000000000000000e+00 1.520542909922869335e+00 3.479037516943077613e+00 4.805607685215790070e+00 -7.073587484773619316e+00
1.000000000000000000e+00 1.892723310271668069e+00 2.371007228987705773e+00 3.307787372098949241e+00 -8.598642385095645935e+00
1.000000000000000000e+00 1.497206963796725798e+00 7.186539912005445174e-01 4.632308575565024178e+00 -1.923822686739160570e-01
1.000000000000000000e+00 2.215860954997270316e+00 2.395473704281025018e+00 5.959049756746817472e+00 -1.516319510708272134e+01
1.000000000000000000e+00 4.611334659278295334e+00 6.671476812531338396e-01 1.495890497936079644e+00 3.008224838248253485e-01
1.000000000000000000e+00 2.985917648092274224e+00 1.354508034760956381e+00 2.020178173144494327e+00 -1.537091725741940307e+00
1.000000000000000000e+00 2.024921477079105081e+00 4.408171742259612280e-01 4.665356480148373564e+00 -4.350531338092778810e+00
1.000000000000000000e+00 2.465738651305066309e+00 3.015940441300532182e+00 4.079927251300895286e+00 -3.081084902197007924e+00
1.000000000000000000e+00 1.065009617553680066e+00 3.625330367186603286e-01 2.776922843428696996e+00 8.118917474423805736e-01
1.000000000000000000e+00 1.427542654272340394e+00 6.118886214577961002e-01 4.918958922426986291e+00 -2.031017444028648811e+00
1.000000000000000000e+00 1.132661019369098465e+00 7.745161560798881073e-01 1.026148067714563794e+00 -6.149244358271269695e-01
1.000000000000000000e+00 1.907177175448986572e+00 2.008030629399474520e+00 4.804953800140468800e+00 -5.190214098581909639e+02
1.000000000000000000e+00 3.107122752962489631e+00 2.356235802422384840e+00 4.728668913656160377e+00 -1.012770328199278325e+01
1.000000000000000000e+00 2.297117167156462525e+00 6.013448736798721050e-01 2.634658081690395726e+00 -2.663444664928847683e+00
1.000000000000000000e+00 2.898462040836334630e+00 1.053012671737703965e+00 1.744440251662223496e+00 1.731077445284256555e+00
1.000000000000000000e+00 2.340318204114381295e+00 1.780426335131289228e+00 5.383253809141002932e+00 1.552816779295060989e+01
1.000000000000000000e+00 3.047058260956202247e+00 7.131776433036991492e-01 2.841547652534241575e+00 2.189149289963780110e+00
1.000000000000000000e+00 2.472328797709588244e+00 3.269937737101194841e+00 5.430978902325372282e+00 -8.054626068101892855e+00
1.000000000000000000e+00 1.700565878832262623e+00 3.641774000657301169e+00 3.063109204243118722e+00 -5.482312313897250711e+00
1.000000000000000000e+00 3.437155991247568210e+00 2.035605143222888991e+00 1.016091318021393519e+00 -1.393477591724236753e+01
1.000000000000000000e+00 1.112346541600587102e+00 1.231040255324143295e+00 1.464953199115660798e+00 2.466374893929276446e+00
1.000000000000000000e+00 2.343386796924730398e+00 1.364784276379604311e+00 3.941011334741952421e+00 4.433204871489567545e+00
1.000000000000000000e+00 3.708171073304334708e+00 4.592200258264012014e-01 3.404864449430618834e+00 -4.048001343532042773e-02
1.000000000000000000e+00 1.696780370364120660e+00 3.477870813632374603e+00 3.899918937140656183e+00 -4.044248580385174208e+00
1.000000000000000000e+00 5.174651183996495263e+00 7.473597195212651201e-01 3.807422939797618699e+00 -2.696009735185134759e-01
1.000000000000000000e+00 1.858396429241517378e+00 5.031402033553273867e-01 4.382339686131810907e+00 1.768851966119619368e+00
1.000000000000000000e+00 1.091953382737333555e+00 4.479540650065161778e+00 2.349103600641071488e+00 -4.859385253754415324e+00
1.000000000000000000e+00 1.588755414450705672e+00 2.293826963120562112e+00 3.491278411317268127e+00 -1.347931958167215960e+01
1.000000000000000000e+00 2.370276103436030013e+00 1.400613909142936819e+00 1.292754646219895998e+00 -5.546762801548050792e-01
1.000000000000000000e+00 3.770890012578966832e+00 4.862119291803539411e-01 2.671191593480303883e+00 6.257072088207464855e-01
1.000000000000000000e+00 4.257101941759320773e+00 8.916070767766877125e-01 4.924484885557337321e+00 -9.182027847289996325e-01
1.000000000000000000e+00 1.054979143292402277e+00 6.294490070516340907e-01 3.586345282208046825e+00 2.537525700571008791e+00
1.000000000000000000e+00 1.684428150344036368e+00 3.815665058896488659e+00 3.200994989777452560e+00 -2.980499007347956919e+00
1.000000000000000000e+00 3.987065510851541372e+00 1.551879131672562195e-02 3.170096830869376436e+00 2.616854236227944330e+00
1.000000000000000000e+00 4.002584302168266994e+00 3.225990705630108479e-01 1.443002148398086160e+00 -5.878289547653611224e-01
1.000000000000000000e+00 1.876856393117247945e+00 3.695203336507550951e+00 3.991126470318694164e+00 -2.982693998129750668e+00
1.000000000000000000e+00 2.915692641247487060e+00 6.788958851667006300e-01 5.665566656717788696e+00 -4.407712463447247542e-01
1.000000000000000000e+00 1.234829833875275229e+00 5.965870099051218123e-01 3.106240266470360112e+00 -1.393566112604209595e+00
1.000000000000000000e+00 1.831416843780397041e+00 2.858751238351455282e+00 4.180886823541163366e+00 -5.971782288842905295e+00
1.000000000000000000e+00 1.413993339625632339e+00 2.601767207706308760e+00 1.591680954616936594e+00 -6.473759069336376903e+00
1.000000000000000000e+00 2.226745548406604769e+00 7.197325218032779581e-01 5.199011428178086369e+00 -1.223963957913032585e+00
1.000000000000000000e+00 2.443468683853499357e+00 3.348948984712460941e-01 3.859361356135932564e+00 4.365891205546515996e-01
1.000000000000000000e+00 2.778363582324745451e+00 1.816865943596481792e+00 3.938846804310990990e+00 1.144604278655571150e+01
1.000000000000000000e+00 2.485608578115875211e+00 1.346414623368610730e+00 2.811177208261441685e+00 9.847882368276377196e-01
1.000000000000000000e+00 3.380252010995498324e+00 9.381038158177421593e-01 1.130983542660323860e+00 -9.624520017643247716e-01
1.000000000000000000e+00 4.318355826813240483e+00 1.365792869810549703e+00 1.120958819456776112e+00 -6.793529489493771445e-01
1.000000000000000000e+00 1.155915675306423474e+00 1.155404546192702053e+00 2.493627867943865262e+00 2.679116315253789349e+00
1.000000000000000000e+00 2.311320221499125527e+00 1.664069432002148741e+00 5.703396225576702783e+00 1.093219166797658914e+01
1.000000000000000000e+00 1.257129067421251634e+00 2.224702168584930195e+00 3.148284063694675616e+00 -2.381622043066241545e+01
1.000000000000000000e+00 3.481831236006181829e+00 5.023830085782643451e-01 5.363651252423009552e+00 1.770381937399768235e+00
1.000000000000000000e+00 2.671219454084804212e+00 2.183341564644305066e+00 1.930507089231386697e+00 -4.871373321799083556e+00
1.000000000000000000e+00 1.375688908679043809e+00 3.265254872338972714e+00 3.414844360426775971e+00 -8.969267230773741773e+00
1.000000000000000000e+00 3.477456581030992311e+00 9.645554011076882261e-01 1.403007568785623160e+00 2.105582666556418570e+00
1.000000000000000000e+00 2.232010166195534051e+00 2.863501422175464217e+00 3.184253513075897768e+00 -2.088854920120091663e+00
1.000000000000000000e+00 2.360725686149813374e+00 1.590427648195622101e+00 4.051125747388206300e+00 5.572455341571558307e+00
1.000000000000000000e+00 1.457910366633170751e+00 4.128657510678043430e+00 4.284775781335697253e+00 -6.626507096782793482e+00
1.000000000000000000e+00 1.684093154594807018e+00 4.067093614509205146e+00 1.344790081782105906e+00 4.314551628311593667e-01
1.000000000000000000e+00 1.925664644193098241e+00 3.827906887856482143e+00 2.308528418679530070e+00 -2.386156872589917821e+00
