1.000000000000000000e+00 1.290418060840997416e+00 4.040462668033677929e+00 4.461382822589261998e+00 -7.184168627267114360e+00
1.000000000000000000e+00 4.005575058716043912e+00 5.347878302641833059e-01 2.248340044295929818e+00 -5.389747955192366824e+00
1.000000000000000000e+00 1.102922471479012234e+00 4.746626789330958829e+00 2.106047209098011130e+00 -2.055591407467611731e+01
1.000000000000000000e+00 1.909124836035503092e+00 7.897713231665992595e-03 4.527875862578442323e+00 8.650085595972322849e+00
1.000000000000000000e+00 1.917022549267169085e+00 6.041886655305195308e-01 5.626241587078329331e+00 2.244352199488270472e+00
1.000000000000000000e+00 2.521211214797688616e+00 1.102570943363500700e+00 1.902876725636667654e+00 4.303098409970802507e+00
1.000000000000000000e+00 2.456145700990209679e+00 1.603118772621687338e+00 1.169729892928994097e+00 -1.124013595917473296e+01
1.000000000000000000e+00 1.697469303260209283e+00 7.632539394158812662e-01 2.486745036862753722e+00 1.211933457839165662e+01
1.000000000000000000e+00 2.460723242676090550e+00 3.710859737923679624e-01 5.621980976882651859e+00 -4.630887588858723092e+00
1.000000000000000000e+00 2.831809216468458512e+00 4.485407046167213529e-01 5.855291225826839252e+00 -3.114030646924319523e+00
1.000000000000000000e+00 3.280349921085179865e+00 1.645529885879888354e+00 5.721332445567169245e+00 -2.039342336097718089e+00
1.000000000000000000e+00 1.998368910791798569e+00 1.572803281276259568e+00 5.310213254946567041e+00 -6.520363179412388632e+00
1.000000000000000000e+00 3.571172192068058138e+00 3.909006522421543117e-01 5.222746992675351585e+00 9.007635934030997049e+00
1.000000000000000000e+00 1.232252063599988734e+00 2.805472195907202870e+00 5.144577370753387058e+00 -1.187321434778027651e+00
1.000000000000000000e+00 1.325257964926397580e+00 4.419169721340269419e+00 2.150044186438515137e+00 -3.685651100554522941e+00
1.000000000000000000e+00 5.744427686266666555e+00 8.373247910613024203e-02 1.602834428886394047e+00 -5.681133039259094630e+00
1.000000000000000000e+00 1.488360570031919350e+00 2.932804562528865233e+00 4.623833857643806944e+00 -1.098809491339516242e+01
1.000000000000000000e+00 1.610191174223894128e+00 1.865693376332456799e+00 3.697456461876686085e+00 2.359149049370955709e+01
1.000000000000000000e+00 1.171942605576091978e+00 4.374659404817818675e+00 2.593762514660349794e+00 -1.307246559413441211e+01
1.000000000000000000e+00 2.293899908000084586e+00 2.018711513769825494e+00 5.429888741180935341e+00 -2.134150037422339778e+02
1.000000000000000000e+00 2.558555380447054883e+00 1.041784725441999182e+00 2.164797373768168942e+00 2.038608349131356690e+00
1.000000000000000000e+00 3.600340105889054065e+00 1.332112908273441754e-01 1.122003907782690213e+00 8.275307820986951057e+00
1.000000000000000000e+00 1.924272277627635308e+00 3.923650861195157713e+00 1.106347054251935802e+00 -8.102893844024778858e-01
1.000000000000000000e+00 4.875664116805572768e+00 8.218305910153729243e-01 3.644685670136059930e+00 -1.252984303544513622e+01
1.000000000000000000e+00 3.989499894055425600e+00 1.619871281060158097e+00 5.989670552666687797e+00 8.254414283879345504e+00
1.000000000000000000e+00 1.442462510259597597e+00 5.374518018361285066e-01 4.835941444655634136e+00 -3.320510537624409064e+00
1.000000000000000000e+00 1.226136444552690330e+00 1.400515209263631489e+00 3.399378101519544337e+00 1.671983214688449237e+01
1.000000000000000000e+00 2.626651653816321819e+00 3.167347946310883344e-01 4.137527316091849983e+00 1.121580183139485243e+01
1.000000000000000000e+00 2.356745158869479440e+00 2.786942386890167711e+00 5.920417345996475511e+00 4.843737595742935831e+00
1.000000000000000000e+00 2.404672548436903590e+00 1.308807867354338850e+00 3.106785011385350792e+00 -2.560634874278533868e+00
1.000000000000000000e+00 1.704621124873813232e+00 3.306363778896385774e+00 2.193885728841511451e+00 1.376602053948708004e+01
1.000000000000000000e+00 1.372753218398854003e+00 4.561681464603732472e+00 2.773110788203882571e+00 7.409226671483537530e-02
1.000000000000000000e+00 1.027610585618011996e+00 4.049696556656158464e+00 1.210465948181809415e+00 1.154669344154164889e+01
1.000000000000000000e+00 4.534286719238085794e+00 1.107491209668509669e-01 5.938611948680157404e+00 -4.565202891725994583e+00
1.000000000000000000e+00 4.645035840204936761e+00 2.113158932247918287e-01 3.138865668679311938e+00 -2.685536320443798086e+00
1.000000000000000000e+00 1.370223258670451916e+00 1.422105384050911248e+00 4.398236413465348882e+00 8.889273397601403559e+00
1.000000000000000000e+00 1.579345297625648570e+00 3.736171831752319150e+00 5.749805919751127092e+00 -4.968618725999776053e+00
1.000000000000000000e+00 1.317791751430118286e+00 1.237119857148192725e+00 5.395591537810823013e+00 1.592716553105314503e+01
1.000000000000000000e+00 2.554911608578311011e+00 7.100500155542421865e-02 5.723660111457051336e+00 -2.634614333560787003e+00
1.000000000000000000e+00 2.625916610133735229e+00 2.022114281556584903e+00 3.337007556249348639e+00 -8.642076989717405411e+01
1.000000000000000000e+00 4.187787356776065728e+00 1.248276356105566975e+00 1.835169730460376236e+00 6.639168573826384367e+00
1.000000000000000000e+00 1.597971229691508510e+00 2.968252706423466059e+00 5.713658870675628165e+00 -1.059784943824736558e+01
1.000000000000000000e+00 4.566223936114974791e+00 2.377013069695124159e-01 4.248233244961841848e+00 5.070408482768962166e+00
1.000000000000000000e+00 3.806385987847481278e+00 1.048449911925323885e+00 3.563442555082542818e+00 -3.021218457152977432e+00
1.000000000000000000e+00 3.468977981821953716e+00 1.446861650880166827e-01 1.882640160027541310e+00 1.915950268765419295e+01
1.000000000000000000e+00 1.127095633720475831e+00 4.123615012460464246e-01 4.897922367833766444e+00 -2.346381631913150301e+01
1.000000000000000000e+00 1.157145928433671145e+00 3.024906127885230944e+00 1.289213382816981834e+00 2.888447501913086857e+00
1.000000000000000000e+00 2.571779905381633480e+00 9.710735504418805952e-01 5.418929424817128471e+00 -1.283581829078275938e+01
1.000000000000000000e+00 3.542853455823514075e+00 1.994978913806950693e+00 5.638761415976064839e+00 5.209917250022746202e+02
1.000000000000000000e+00 2.246461145744374832e+00 8.054534694337736056e-01 1.869476246097436345e+00 -2.293161014754891425e-01
1.000000000000000000e+00 3.051914615178148438e+00 1.725841077537094925e+00 2.981210094513293996e+00 1.752835113142212720e+01
1.000000000000000000e+00 1.384899549143964848e+00 1.063857715424875394e+00 1.769479531699275299e+00 -4.466693952267572598e+00
1.000000000000000000e+00 1.806106436270022098e+00 3.842381825442843013e+00 2.122202859183303314e+00 8.822245712145237562e+00
1.000000000000000000e+00 4.167018782552116996e+00 1.190284168386471997e+00 3.964699674208515656e+00 -8.519120508091639010e+00
1.000000000000000000e+00 1.932850294430179083e+00 3.529944698019710003e+00 5.387304313151902058e+00 5.956359494190715864e+00
1.000000000000000000e+00 3.696711209578253499e+00 1.340489566242058839e+00 1.647574606414020870e+00 -3.140874693447978760e+00
1.000000000000000000e+00 5.037200775820312337e+00 4.432557237971535002e-01 5.443740399344886072e+00 2.191402725688015307e-01
1.000000000000000000e+00 1.550259622638383794e+00 5.894161900713246194e-01 5.047580373624390049e+00 -3.957191799727591608e+00
1.000000000000000000e+00 2.139675812709708413e+00 9.958631304215730395e-01 4.276209903195108630e+00 1.223111284028648171e+01
1.000000000000000000e+00 3.135538943131281453e+00 1.954534886481183786e+00 3.754286853045696759e+00 5.155668032781731824e+01
1.000000000000000000e+00 5.090073829612465239e+00 2.135790866692515166e-01 1.434933799557050804e+00 3.554120587056473379e+00
1.000000000000000000e+00 1.034760652655953628e+00 2.518975860231875252e+00 2.863442585061569901e+00 -2.043082258479000402e+01
1.000000000000000000e+00 1.599326836668414131e+00 1.088749020349725427e+00 1.405231079538239669e+00 -4.995623491923599779e+00
1.000000000000000000e+00 2.688075857018139558e+00 3.026472662544456682e+00 2.100916009749056457e+00 -1.032033201589675464e+01
1.000000000000000000e+00 2.616014660103775924e+00 9.779384486130546783e-01 1.380654297451501034e+00 -1.807171602463699500e+01
1.000000000000000000e+00 3.593953108716830602e+00 9.211416857590584151e-01 5.256034570243843795e+00 1.143718770326859158e+01
1.000000000000000000e+00 2.818148011896469907e+00 3.040762401708333673e+00 3.402932886633240006e+00 -5.538733203630290092e+00
1.000000000000000000e+00 2.258911479126820776e+00 1.227331050335106699e+00 2.739046039510965258e+00 -1.160135984191424274e+00
1.000000000000000000e+00 1.184434736772663976e+00 2.863386933126820466e+00 5.393149931775790051e+00 1.001952955034486337e-01
1.000000000000000000e+00 1.257393756249946648e+00 1.135838564933110639e+00 5.252908645471209503e+00 7.250442256774149996e-01
1.000000000000000000e+00 2.393232321183057287e+00 3.148097108650211418e+00 5.336471004799012263e+00 -1.182823167984662049e+01
1.000000000000000000e+00 1.724474360456115463e+00 1.722789440931699723e+00 4.487357308346417994e+00 1.162297102647216640e+01
1.000000000000000000e+00 3.447263801387815185e+00 2.480988469165188448e+00 4.400703858801501944e+00 -1.469498322983712413e+01
1.000000000000000000e+00 2.210276357557502180e+00 2.150401379471890806e+00 4.763583197788205936e+00 -2.253629107978308710e+01
1.000000000000000000e+00 4.360677737029392986e+00 4.474203396141946953e-01 1.793025526465368502e+00 -3.221435613274389098e+00
1.000000000000000000e+00 2.188187719961998567e+00 2.452894023097298870e+00 5.359217638726160082e+00 -1.500873698432556225e+01
1.000000000000000000e+00 2.838915663596266015e+00 1.322613489371631701e+00 5.129083752823813569e+00 -1.916860038441382308e+00
1.000000000000000000e+00 4.161529152967897716e+00 6.119400836575472624e-03 1.644349337367225994e+00 -1.001360816109245100e+00
1.000000000000000000e+00 1.451448850272041513e+00 3.725063627674148670e+00 1.803799480241540909e+00 -1.443524014158568569e+00
1.000000000000000000e+00 1.203875707773819581e+00 2.750589008167389604e+00 1.031929358584168011e+00 -6.825577099795806291e+00
1.000000000000000000e+00 3.954464715941209185e+00 4.333570932702031087e-01 2.435190665874563898e+00 -3.171262214056895345e+00
1.000000000000000000e+00 1.082939144639280649e+00 2.477526146857124356e+00 5.905930890137117473e+00 -2.376715031291762159e+01
1.000000000000000000e+00 2.132478875989689548e+00 2.093385076057559857e+00 2.299017905320798860e+00 -2.142910914424459534e+01
1.000000000000000000e+00 1.871832145024957317e+00 2.582856545487372646e+00 3.699926898579277257e+00 -6.875291598656167125e+00
1.000000000000000000e+00 2.933676731502687041e+00 2.749973212180985449e+00 1.534903194134792148e+00 -7.123657214084342826e+00
1.000000000000000000e+00 1.687604720729966257e+00 1.017727034521326512e+00 3.706332893380551496e+00 1.019350235045379982e+01
1.000000000000000000e+00 1.567367606202945352e+00 4.056100485189868543e+00 2.709360830193430658e+00 -1.893722867157608514e+00
1.000000000000000000e+00 2.289708138575778040e+00 2.010212091595116934e+00 1.512548639953396279e+00 -1.116140659681719427e+02
1.000000000000000000e+00 4.299920230170894975e+00 7.861907708351845159e-01 5.686142436182255899e+00 3.558887430576744393e+00
1.000000000000000000e+00 1.465513839029496168e+00 4.020564950737137266e+00 1.336753007343858490e+00 -2.044903907737214421e+00
1.000000000000000000e+00 5.486078789766633435e+00 1.601149605001861431e-02 3.910852300881366261e+00 -1.449535876268729417e+01
1.000000000000000000e+00 2.695148955243503508e+00 5.089891781980071528e-02 1.228710169062564361e+00 2.659126408210529480e+00
1.000000000000000000e+00 2.746047873063304223e+00 1.883730521287892756e+00 5.357684030761880933e+00 1.782652000896862887e+01
1.000000000000000000e+00 4.629778394351196980e+00 8.557729054116887113e-01 5.867444845886984339e+00 8.492242356091432853e+00
1.000000000000000000e+00 1.420699824975244052e+00 3.874437454978247874e-01 1.122934582294007555e+00 -2.267950896520065651e+00
1.000000000000000000e+00 1.808143570473068840e+00 3.684627372162327497e+00 1.110617757644986270e+00 5.351644934746778937e+00
1.000000000000000000e+00 1.045985258083148128e+00 4.613724562470125079e-01 4.852037089038965689e+00 -6.844572204524632220e+00
1.000000000000000000e+00 1.507357714330160636e+00 2.810151131210118169e+00 4.416476883032525613e+00 -7.652877182538892598e+00
1.000000000000000000e+00 1.025307919231093434e+00 7.787323378563997256e-01 2.368133331408329489e+00 1.120531060936404977e+01
1.000000000000000000e+00 1.804040257087493160e+00 1.939628689745437562e+00 5.985622500788555733e+00 8.605759546518071090e+01
1.000000000000000000e+00 3.743668946832930722e+00 7.158070416305353234e-01 3.130906511179864626e+00 -4.467862970256522459e+00
1.000000000000000000e+00 2.121346547302799035e+00 2.439549559434880610e+00 4.974047743749647310e+00 -5.242873187886391229e+00
1.000000000000000000e+00 2.186245437484000576e+00 4.407530533123380501e-01 2.103848063943801971e+00 4.887944029858832806e+00
1.000000000000000000e+00 2.626998490796338626e+00 2.105458534793781755e+00 1.411905228079213481e+00 -1.336065316621307808e+01
1.000000000000000000e+00 4.248164495236073535e+00 9.979525572348162399e-01 4.272556071405675837e+00 -1.548958135216193632e+01
1.000000000000000000e+00 1.468373839140462378e+00 1.370205176156705340e+00 3.161674005213009675e+00 -1.080004304405853599e+00
1.000000000000000000e+00 2.219948216895417659e+00 3.645104556866810341e+00 4.192629738320428068e+00 2.246493520576407832e+00
1.000000000000000000e+00 2.965488623333802032e+00 2.494744152551764849e+00 2.371076011743350254e+00 -9.667187581813765362e+00
1.000000000000000000e+00 4.155693129986314460e+00 8.183633877219271824e-01 3.046670031575215098e+00 3.400079795205537270e-01
1.000000000000000000e+00 3.513185465525960449e+00 3.713339576058349856e-01 2.149773029455430695e+00 -5.625312344616038907e+00
1.000000000000000000e+00 1.976214938990222603e+00 2.636045637317304458e+00 4.258334126879425696e+00 -2.316020462641955291e+01
1.000000000000000000e+00 1.121579832157269196e+00 3.105781647378569765e+00 3.366049533457785792e+00 -1.233687960493128877e+01
1.000000000000000000e+00 1.885553397035244716e+00 3.816739524729326760e+00 1.927627578515605844e+00 3.836977878491511618e+00
1.000000000000000000e+00 5.702292921764571254e+00 6.734996324836561854e-02 5.343115839778054266e+00 -1.980697084209080217e+01
1.000000000000000000e+00 1.077283082644337142e+00 4.564309730294289658e+00 4.805119954714994535e+00 -4.134657880343207914e+00
1.000000000000000000e+00 3.140920741586571641e+00 2.692353353631776525e+00 1.656224388411937865e+00 -1.142479619053149698e+01
1.000000000000000000e+00 2.472244460347928552e+00 4.532441826616979696e-01 4.982686454880881577e+00 4.287160943994109630e+00
1.000000000000000000e+00 2.925488643009626522e+00 2.330194714574657766e+00 3.407611757562750476e+00 -8.574004277937357088e-01
1.000000000000000000e+00 1.847463733430462440e+00 1.936542578861288444e+00 4.427826436144856714e+00 5.915607055636436939e+01
1.000000000000000000e+00 3.784006312291750884e+00 1.896767558512153951e+00 3.151529474497313466e+00 1.129062422593062109e+01
1.000000000000000000e+00 1.485882468853842564e+00 2.589153664642006358e+00 3.909857009571994002e+00 -1.604829893624045312e+01
1.000000000000000000e+00 4.075036133495848922e+00 1.875233117025467244e+00 2.344967022175488580e+00 -3.897802264541422090e+00
1.000000000000000000e+00 1.700420076182620033e+00 1.891228185636063763e+00 2.551809794617868832e+00 3.560894186197143796e+01
1.000000000000000000e+00 3.591648261818683796e+00 1.795217097821093066e+00 3.276100745409006088e+00 -4.703855804575551858e-01
1.000000000000000000e+00 4.485078704976340092e+00 2.734171495920634243e-02 2.962467782033423980e+00 1.268988500491253468e+01
1.000000000000000000e+00 2.467959221322466590e+00 2.578846556070101492e+00 2.458312893546516165e+00 -1.068583745411216412e+01
1.000000000000000000e+00 5.046805777392568082e+00 3.761196003336131355e-03 4.474909430632712848e+00 4.034757564014659792e+00
1.000000000000000000e+00 5.050566973395904213e+00 2.847946195046144879e-01 5.300611985946022564e+00 -9.724434927922830596e+00
1.000000000000000000e+00 5.335361592900518701e+00 2.308411698818382263e-01 4.899254944466749251e+00 3.994811663820414083e+00
1.000000000000000000e+00 3.507581473435998021e+00 1.483894421397877750e+00 1.524650892090874343e+00 -1.631211920255845493e+00
1.000000000000000000e+00 4.249819653888826210e+00 2.600147323996901960e-01 5.933312966335732241e+00 -3.049780126671737257e+00
1.000000000000000000e+00 4.509834386288516406e+00 4.691289608919886334e-01 1.712477714507566251e+00 4.883790575524042943e+00
1.000000000000000000e+00 4.978963347180505039e+00 4.710633619073263390e-01 3.494440767256780322e+00 -4.111857128965185737e+00
1.000000000000000000e+00 2.689975784257678804e+00 1.879389789420411461e-01 4.512324852720519530e+00 -1.231524663439640399e+01
1.000000000000000000e+00 1.469909699204344999e+00 2.421491005776525096e+00 1.048854237095918407e+00 2.913592104641459901e+00
1.000000000000000000e+00 1.179711368983710429e+00 2.148278721678590131e+00 3.588558216923557254e+00 -4.571588591800897916e+01
1.000000000000000000e+00 3.327990090662300560e+00 3.852330828755823333e-01 1.439332495724166883e+00 4.097915502926376519e+00
1.000000000000000000e+00 2.432706260641421814e+00 1.521460042203631957e+00 1.166015543956832712e+00 9.283162171490989323e+00
1.000000000000000000e+00 1.152501249695247143e+00 3.423969405082494255e-02 2.984616381007980213e+00 -3.918656690910281348e+00
1.000000000000000000e+00 1.186740943746072086e+00 3.926261859552219846e+00 1.663578770215301761e+00 7.469609258689962061e+00
1.000000000000000000e+00 1.635302563259423803e+00 1.975913737014598048e+00 5.002933495545414111e+00 2.115792037390087899e+02
1.000000000000000000e+00 3.611216300274021851e+00 1.238751465219032344e+00 2.000751221224050358e+00 -4.965520325311665317e+00
1.000000000000000000e+00 2.079105137484215771e+00 2.035347241610785840e+00 1.522839201672001153e+00 -2.330036619264313913e+01
1.000000000000000000e+00 1.258408605843038597e+00 2.398364551997701266e+00 1.157930724128210187e+00 -1.392578990090149205e+01
1.000000000000000000e+00 3.656773157840739863e+00 4.640245020979261170e-02 5.681061231218449414e+00 -3.598401413811465943e+00
1.000000000000000000e+00 3.703175608050532475e+00 4.839738994405005101e-01 1.259856418257362165e+00 -1.819859070196506279e+00
1.000000000000000000e+00 4.187149507491032985e+00 4.433071611222745290e-01 3.706481676505352318e+00 4.664792862878313962e+00
1.000000000000000000e+00 4.630456668613307514e+00 1.248803728699365401e+00 4.545302597254582189e+00 1.055502575008849320e+01
1.000000000000000000e+00 2.614782364706229600e+00 2.361148609137289078e+00 5.008640415348959429e+00 -1.589995750806512120e+00
1.000000000000000000e+00 2.354161256310371098e+00 8.406958472178094333e-01 5.074125568732561042e+00 3.165247932866139813e+00
1.000000000000000000e+00 1.126753717077287664e+00 4.686488356312338510e+00 3.737961880768681411e+00 -6.823862201409124140e+00
1.000000000000000000e+00 1.782185213355430342e+00 4.690292774675461906e-01 1.408149910152947992e+00 -1.530855555879688623e+01
1.000000000000000000e+00 2.251214490822976533e+00 1.494918832707625711e+00 1.301760419952818992e+00 -9.379108962422797902e+00
1.000000000000000000e+00 3.746133323530602244e+00 8.268462899697097690e-01 2.235516170050732221e+00 1.489368563787032507e+01
1.000000000000000000e+00 2.399669484729714419e+00 3.374656918586255827e+00 2.096069936790221355e+00 -1.682306224148259588e+01
1.000000000000000000e+00 3.771770262557003317e+00 2.868334686147577806e-01 1.910589578443496528e+00 -6.630051847963088996e+00
1.000000000000000000e+00 2.238654947505787085e+00 5.412084457505210722e-01 3.490978582265694907e+00 8.853465935582599755e+00
1.000000000000000000e+00 2.779863393256308157e+00 2.009367159065537756e+00 3.776817754688156281e+00 -2.391466306259279975e+02
1.000000000000000000e+00 1.071967443148779342e+00 5.083957593858019486e-01 2.142273706656493637e+00 6.916209518999544059e+00
1.000000000000000000e+00 1.203644011594850571e+00 4.073658908460185302e+00 4.251628431734684632e+00 -1.006363309640784465e+00
1.000000000000000000e+00 1.489170803255007502e+00 1.968908572329154172e+00 1.153262511029030435e+00 5.267040366117439731e+01
1.000000000000000000e+00 1.866009349550076024e+00 1.303248896639789045e+00 5.341362527041902730e+00 6.941224070660513945e+00
1.000000000000000000e+00 2.992523671986867306e+00 1.086726818274215134e+00 4.713532605999905201e+00 7.045088195702626344e+00
1.000000000000000000e+00 4.079250490261082440e+00 9.621776407713689139e-02 3.127466672240376777e+00 -6.209721111606302024e+00
1.000000000000000000e+00 1.226520048860222589e+00 1.646543024272133726e+00 2.855193814923013385e+00 1.387803133245462917e+01
1.000000000000000000e+00 2.873063073132356315e+00 1.256236505438825368e+00 5.938247818680289392e+00 -3.157001279760063284e-01
1.000000000000000000e+00 3.515681292900438404e+00 1.766767913041172644e+00 5.335157480612243042e+00 5.836474827667196053e+00
1.000000000000000000e+00 1.352843737002149105e+00 2.859252654029428520e+00 3.433344707123514361e+00 5.330405484163440732e-01
1.000000000000000000e+00 1.132556552708109177e+00 2.796321353659207087e+00 5.503509320056292786e+00 -6.400744010994452005e+00
1.000000000000000000e+00 3.928877906367316264e+00 1.772273300757471581e+00 3.108604634367277075e+00 1.901658468376493261e+01
1.000000000000000000e+00 2.940849631032609324e+00 1.275591461179156560e+00 5.561816728083455175e+00 1.616461458319299993e+01
1.000000000000000000e+00 3.291264452457583367e+00 4.368194941220915339e-01 4.114832917817413893e+00 7.103382254165683918e+00
1.000000000000000000e+00 3.728083946579674901e+00 1.979240097302950474e+00 4.157801100462602761e+00 7.379452152824424616e+01
1.000000000000000000e+00 2.930513189003871144e+00 2.875439630115699696e+00 1.657838425636299018e+00 1.353751634512543056e+01
1.000000000000000000e+00 1.346806504375827274e+00 1.570835025113059835e-01 2.187716624619388206e+00 7.013341968055738285e+00
1.000000000000000000e+00 1.091109128257748750e+00 3.811056755218933390e-01 1.904884763547448845e+00 -6.916764185461508951e+00
1.000000000000000000e+00 1.472214803779642089e+00 2.942819063302142268e+00 5.271925466847895869e+00 -3.023368112905785665e+00
1.000000000000000000e+00 1.355943242301144824e+00 1.238934909167661580e+00 2.236155372015885323e+00 -6.270630865021340483e+00
1.000000000000000000e+00 2.594878151468806404e+00 2.629498403378466076e+00 5.353749506362556865e+00 -1.917576392313715239e+00
1.000000000000000000e+00 1.116359678679129441e+00 3.955982734265549805e+00 3.574086769648451067e+00 -1.594950282123916452e+01
1.000000000000000000e+00 1.590824138108281272e+00 2.892861688712472290e+00 1.817619362925113835e+00 -9.642015443307402123e+00
1.000000000000000000e+00 4.144714233899420286e+00 1.242645833735844363e+00 5.847061611676437565e+00 7.794406915167651384e+00
1.000000000000000000e+00 4.675355219019428965e+00 3.420494329048135995e-01 4.283683322706460572e+00 8.508642267496652423e+00
1.000000000000000000e+00 1.887197718898613985e+00 2.865876039305677914e+00 1.654368303591749134e+00 3.319222082811759122e-01
1.000000000000000000e+00 4.753073758204291899e+00 2.810999381320282708e-01 5.849105225392723817e+00 -2.778497951009191169e+00
1.000000000000000000e+00 5.034173696336320170e+00 9.183520136670466627e-01 3.268947706918196250e+00 -1.693563406019110218e+01
1.000000000000000000e+00 2.860090428963915965e+00 2.021974374746068559e+00 1.848789525437703585e+00 -5.086159904860038239e+01
1.000000000000000000e+00 2.704017701265089002e+00 2.949768926752734721e+00 2.685015882156431388e+00 1.901200745155341210e+00
1.000000000000000000e+00 3.144970136875091526e+00 1.609385202082394883e+00 2.243571362938149516e+00 -1.502750083104986700e-01
1.000000000000000000e+00 4.754355338957486410e+00 1.835903146592521296e-02 4.085724933020149940e+00 -4.605864369096591138e-01
1.000000000000000000e+00 1.515619344179663042e+00 3.997145189218170191e+00 1.835209539504749188e+00 -3.441547844385306476e+00
1.000000000000000000e+00 3.526261862239285616e+00 1.606025468299422609e+00 1.183357134667714750e+00 -1.503912793265935743e+00
1.000000000000000000e+00 2.600248005153058983e+00 2.877368137327943387e+00 4.319022638109025536e+00 -3.778985669500453781e+00
1.000000000000000000e+00 1.054188257401491802e+00 4.472721624694826481e+00 5.028350764750266322e+00 -9.002412535857224896e+00
1.000000000000000000e+00 1.456433383930667791e+00 1.140134804021406545e+00 5.341356402566293404e+00 1.598703029621704630e+01
1.000000000000000000e+00 2.596568187952074336e+00 3.153741647301950390e+00 2.029206050183841370e+00 -1.987219318433183091e+01
1.000000000000000000e+00 5.750309835254024726e+00 2.725899433755785140e-03 1.559598096988639382e+00 -4.579653476086074093e+00
1.000000000000000000e+00 3.867189440616430662e+00 2.919966202325654514e-01 1.285434280446574373e+00 -7.275898916951952344e+00
1.000000000000000000e+00 2.466053858490322881e+00 1.772688683592571479e-01 1.196717703342548234e+00 1.640568670618533176e+00
1.000000000000000000e+00 2.643322726849580029e+00 1.719269553535611728e+00 1.610549570050133994e+00 3.743718036491218371e+00
1.000000000000000000e+00 4.362592280385191756e+00 3.992803668032083309e-01 3.260995141417176502e+00 1.308455023320924937e+01
1.000000000000000000e+00 4.761872647188400087e+00 1.960225714408423414e-01 5.669375087639524580e+00 1.565479586805244594e+01
1.000000000000000000e+00 1.456030515243451839e+00 2.016071008269455511e+00 1.207864295251960485e+00 -9.235458094673937524e+01
1.000000000000000000e+00 1.287793800083221418e+00 2.459850611535456366e+00 5.933150614794234556e+00 -2.012218403869477967e+01
1.000000000000000000e+00 3.207652506866884856e+00 2.230868406924614078e+00 1.024699904672047968e+00 -9.206343467798958624e-01
1.000000000000000000e+00 1.585335082138029428e+00 1.296233281261498504e-01 5.339591472600110578e+00 -7.675837510352888415e+00
1.000000000000000000e+00 1.714958410264179278e+00 3.092594748323182152e+00 3.273699278169295290e+00 8.245504165479999870e-01
1.000000000000000000e+00 1.420534030574987172e+00 3.084311626720612765e+00 1.698256273781564518e+00 -4.706780620904178924e+00
1.000000000000000000e+00 1.363815031820967638e+00 3.745485264630813660e+00 2.539649707955954572e+00 -1.195637194198975628e+01
1.000000000000000000e+00 1.406743903209498825e+00 1.744466721646076302e-02 4.367162166624586561e+00 -3.293366408961986735e+00
1.000000000000000000e+00 1.424188570425959588e+00 4.509009322079917226e+00 5.849560230536352101e+00 -1.398820175488283368e+01
1.000000000000000000e+00 2.853210735334454462e+00 2.210787100953058193e+00 3.218751096522855626e+00 -1.195251197586731706e+00
1.000000000000000000e+00 5.063997836287512655e+00 6.722450506317807495e-01 5.340711271887526479e+00 1.609783830022402284e+01
1.000000000000000000e+00 5.736242886919293404e+00 1.937624321950606188e-01 1.885748947236929540e+00 1.903985317571519120e+00
1.000000000000000000e+00 1.417503583493343822e+00 3.468230996143840006e+00 4.416240141448229295e+00 -4.956852765154489582e+00
1.000000000000000000e+00 3.121110046234881530e+00 2.410661879238798377e+00 5.344524922393590671e+00 -6.964907298899811749e+00
1.000000000000000000e+00 1.555987411530756592e+00 1.907138109923538938e+00 1.151935298484184411e+00 2.232996544354007540e+01
1.000000000000000000e+00 1.056768223837095455e+00 2.286534986133535785e+00 4.447633755157805346e+00 -1.799977115563429209e+01
1.000000000000000000e+00 1.281516378409186752e+00 3.125732029311729665e-01 2.078375761988585868e+00 -1.514240986687592994e+00
1.000000000000000000e+00 1.587631233885524296e+00 2.658420276694793749e+00 2.969322028270792391e+00 -4.057750697221024438e+00
1.000000000000000000e+00 4.246051510580318045e+00 4.841728857467986202e-01 4.256164885207460280e+00 5.010618721892520888e+00
1.000000000000000000e+00 3.916843825485798014e+00 1.894018916886911263e+00 4.289226523015179815e+00 6.864377879245850522e+00
1.000000000000000000e+00 2.428560431409303888e+00 2.914435209537997729e+00 5.885870921106586273e+00 3.739673003482677061e+00
1.000000000000000000e+00 2.117979192597263083e+00 3.698133504605793487e+00 5.353767251686296191e+00 9.903003665522376764e+00
1.000000000000000000e+00 1.060772373449081707e+00 4.788621760089113444e+00 3.835081304933338764e+00 4.748275204679368144e+00
1.000000000000000000e+00 1.215799559752880565e+00 4.239916008737475650e+00 5.392577806506739790e+00 -1.685240120643265982e+01
1.000000000000000000e+00 3.638505545431499399e+00 2.326318435165002363e+00 2.635165807816193251e+00 -2.044174550720343575e+01
1.000000000000000000e+00 1.368982823676994309e+00 2.400288598329609613e+00 5.039229709706292581e+00 -1.222127141702470254e+01
1.000000000000000000e+00 3.769271422006603700e+00 2.077241256088891319e+00 4.811425673883078957e+00 -3.457457462141362470e+01
1.000000000000000000e+00 3.615489220850744090e+00 5.315039698255681344e-01 3.177916574064664879e+00 2.044650361313741005e+00
1.000000000000000000e+00 4.146993190676312224e+00 3.317502542467734017e-01 5.089171080875107833e+00 1.220489273609850223e+01
1.000000000000000000e+00 3.272705323838866143e+00 8.650850765814510623e-01 3.722445489804247831e+00 -4.671369646208469284e+00
1.000000000000000000e+00 3.921571559615501190e+00 1.584218492839443382e+00 2.622929149501351365e+00 -9.756099704153760044e-01
1.000000000000000000e+00 1.227231901707289463e+00 1.177584046253862038e+00 2.980863458046276726e+00 5.214854643879467844e+00
1.000000000000000000e+00 2.404815947961151501e+00 3.347241472421642605e+00 4.477336033449311081e+00 -1.437737727460482162e+01
1.000000000000000000e+00 3.278283763928564909e+00 8.223792250791186476e-01 2.187720654371637430e+00 -5.841537803847723254e+00
1.000000000000000000e+00 1.940605798618806555e+00 1.377886226081104004e+00 1.365979618842218191e+00 1.515443647853968567e+00
1.000000000000000000e+00 2.766761140130264085e+00 1.151519419124096277e+00 4.341063992775080926e+00 -6.728015230668729085e-01
1.000000000000000000e+00 1.388673184824924078e+00 4.483300853505908456e+00 3.317470219002861764e+00 1.628586761357075918e+00
1.000000000000000000e+00 5.871974038330832535e+00 5.907968406718211440e-02 2.898928900896148964e+00 2.260163399816231333e+01
1.000000000000000000e+00 2.547638081431638835e+00 2.521337017103104206e+00 1.128210329032178549e+00 -9.305163853637059557e-01
1.000000000000000000e+00 1.813084696724456490e+00 3.741551225744755627e+00 2.994113904484502431e+00 -9.741984808159759979e+00
1.000000000000000000e+00 5.112686214615845159e+00 6.363133518437749103e-01 3.668012733634392397e+00 1.195214671482615110e+01
1.000000000000000000e+00 3.091215181453094374e+00 2.572427235316972371e+00 4.590615381132471917e+00 -1.850860721401750197e+01
1.000000000000000000e+00 1.131834872486260135e+00 1.750481961903987749e+00 1.037814374890710489e+00 -6.074218528120784555e+00
1.000000000000000000e+00 2.882316834390247884e+00 2.170449819518916357e+00 4.237373570773015352e+00 -2.030114164424198364e+01
1.000000000000000000e+00 5.052766653909164241e+00 8.836139926655581789e-01 5.490152744749934755e+00 -1.599100600806502959e+00
1.000000000000000000e+00 1.752084455517640915e+00 2.218569121243034736e+00 5.635172723981533238e+00 -3.192332850718172921e+01
1.000000000000000000e+00 2.904454283155107674e+00 2.945117705917908779e+00 5.672180134027571263e+00 -5.170879231121536357e+00
1.000000000000000000e+00 1.281877483254635575e+00 4.041734398020629726e+00 5.015129489163316912e+00 -3.851297737634879148e+00
1.000000000000000000e+00 5.064505045650387949e+00 9.340833207802647919e-01 2.556538495780018128e+00 9.171070685538939671e+00
1.000000000000000000e+00 3.777158528013137229e+00 1.067778547889415286e+00 2.363120003667668723e+00 1.356826976067981416e+00
1.000000000000000000e+00 4.844937075902552515e+00 8.788915735095876869e-01 3.067745507626757462e+00 -4.203541523054381557e+00
1.000000000000000000e+00 2.236740508715988174e+00 1.015980167834479531e+00 4.405589269824914389e+00 1.007144376486373716e+01
1.000000000000000000e+00 1.645797075757474914e+00 4.124458060536136728e+00 3.625816918335300620e+00 -1.009927215718138171e+01
1.000000000000000000e+00 2.143214027517313713e+00 2.215289394511969601e+00 3.836561098144517956e+00 -2.857317939611375834e+01
1.000000000000000000e+00 1.567787960998145103e+00 2.790078016965853003e+00 5.029962748875790979e+00 7.461899433452892083e-01
1.000000000000000000e+00 3.601538504518966732e+00 1.260053454159230313e+00 1.217062664274095818e+00 9.881312695495061860e+00
1.000000000000000000e+00 3.600817505559966936e+00 1.660089996032733328e+00 5.757016711033284828e+00 -3.271413547585311221e-03
1.000000000000000000e+00 3.759534193872427821e+00 4.515566380450364292e-02 5.095944297133950585e+00 -3.718988894996977823e+00
1.000000000000000000e+00 3.804689857676931464e+00 1.578578155614793754e+00 5.421032316742039114e+00 -3.081163029782580942e+00
1.000000000000000000e+00 1.143913381566694865e+00 3.631772896801400030e+00 3.055142349033523441e+00 -2.039987602771061947e+00
1.000000000000000000e+00 4.101547756767323527e+00 4.188510837287946487e-01 5.500115616990055578e+00 1.377698759594314737e+01
1.000000000000000000e+00 1.072723328339409754e+00 1.680214465693575132e+00 2.374030177740680259e+00 1.548238248422131846e+01
1.000000000000000000e+00 2.752937794032984886e+00 1.196650640240180419e+00 5.113071592568392276e+00 1.085881565175020036e+01
1.000000000000000000e+00 2.961220225498661485e+00 2.261543846199840502e-01 4.337749496457352194e+00 6.248132496600966590e+00
1.000000000000000000e+00 3.187374610118645535e+00 2.333418862350096212e+00 1.477676569173340893e+00 -2.659260290024477502e+00
1.000000000000000000e+00 2.741277335116501845e+00 8.286701106825522523e-01 3.258838393686145807e+00 9.626950850232137924e+00
1.000000000000000000e+00 3.569947445799054098e+00 1.348317617906661159e+00 3.933042315877370410e+00 8.048753570974819027e+00
1.000000000000000000e+00 2.982713911606350798e+00 1.127719589533016986e+00 4.684368724720910926e+00 1.356157630750075960e+01
1.000000000000000000e+00 4.110433501139367785e+00 1.201385042594358410e+00 5.313985387716142483e+00 -2.139547147662793414e+00
1.000000000000000000e+00 5.311818543733726194e+00 4.357845745544848270e-01 2.083699000453878014e+00 -1.444216284686309493e+01
1.000000000000000000e+00 1.735367404645189682e+00 3.897570721162282759e+00 1.118192930231681981e+00 7.553886093105781185e+00
1.000000000000000000e+00 2.291221941494791636e+00 1.004456839696514781e+00 3.733487063570350095e+00 4.270591783987447876e+00
1.000000000000000000e+00 3.295678781191306417e+00 2.604484095236079266e+00 2.159735480579877187e+00 -4.733548470323574620e+00
1.000000000000000000e+00 2.643758051437540946e+00 1.523246220146087904e+00 3.483834294295847123e+00 1.550627210320832727e+00
1.000000000000000000e+00 1.379316640543319483e+00 2.650819690099266435e-01 4.475722770237968717e+00 1.990924748580114567e+01
1.000000000000000000e+00 1.640229194788862088e+00 1.192842727726097785e-01 3.140998074628073677e+00 -5.913895221246749934e+00
1.000000000000000000e+00 1.694135863247050677e+00 2.510237860769022333e+00 4.462180756621847877e+00 -1.759027577919913199e+01
1.000000000000000000e+00 1.909400421995724129e+00 8.189359946235919008e-01 1.641971447270626161e+00 1.206779892659625819e+00
1.000000000000000000e+00 2.728336416619316029e+00 2.755605632910743008e+00 1.520548246920831570e+00 8.066321068942261974e+00
1.000000000000000000e+00 3.369808201314361540e+00 9.679804912907741254e-01 3.891934585032045479e+00 1.966623247007612463e+01
1.000000000000000000e+00 1.861599356008149186e+00 9.984573803520468971e-02 1.397096844944933025e+00 5.164255149164808323e+00
1.000000000000000000e+00 1.204343081332394316e+00 6.403322340284285374e-01 5.470954373320591202e+00 -8.652964958425648945e+00
1.000000000000000000e+00 1.844675315360822854e+00 5.482763797989700372e-01 1.959336623593714410e+00 1.583237877980528552e+01
1.000000000000000000e+00 1.443512668785277953e+00 1.596666867177261029e-01 2.774981529159686655e+00 -8.002868194332847240e-01
1.000000000000000000e+00 1.603179355503004055e+00 1.700714484660624803e+00 1.347119213730466836e+00 -2.912968647168361347e+00
1.000000000000000000e+00 2.031668592028962550e+00 7.896807132114149752e-01 1.338062817961074513e+00 -8.518333465777672586e+00
1.000000000000000000e+00 2.821349305240377525e+00 6.957370490339069846e-01 5.001782539111808035e+00 7.680339380345305500e+00
1.000000000000000000e+00 3.517086354274284510e+00 9.348877888725422025e-01 2.168560409552164892e+00 2.423842881835204466e+00
1.000000000000000000e+00 1.196560699205494682e+00 3.800491295339718523e+00 5.400395437807291366e+00 -4.712605722509932704e+00
1.000000000000000000e+00 1.408795159744359538e+00 3.959097960789526915e+00 2.621668765576878002e+00 7.613941142316534183e+00
1.000000000000000000e+00 5.367893120533886453e+00 2.364688821251794693e-01 2.665009565290989535e+00 -6.769758652195813298e+00
1.000000000000000000e+00 1.305389799274318641e+00 1.078998441461699986e+00 5.970696806105837418e+00 1.577591534142779039e+01
1.000000000000000000e+00 2.384388240736018627e+00 2.646618158229288031e+00 4.309195949246893420e+00 -1.028466287308818039e+01
1.000000000000000000e+00 1.922605096781886624e+00 1.241415199016648874e-01 3.326028061418590642e+00 1.723765797563684288e+01
1.000000000000000000e+00 2.046746616683551512e+00 8.056138972733584147e-01 1.300711713003926073e+00 5.289859564343779574e+00
1.000000000000000000e+00 2.852360513956909926e+00 5.702544119981967086e-01 3.811484079389549251e+00 -8.059066169994903106e+00
1.000000000000000000e+00 3.422614925955106635e+00 6.686589316963731378e-01 5.788126422526900683e+00 -1.595059487091003980e+01
1.000000000000000000e+00 2.844568197848861946e+00 4.681053828168777464e-01 4.450024454103328253e+00 6.096426024359844931e+00
1.000000000000000000e+00 3.312673580665739692e+00 1.424681110003042761e+00 2.004668443295282376e+00 -1.820495701916602593e+00
1.000000000000000000e+00 1.183416014452989495e+00 1.078768707267114157e+00 1.483382248233598100e+00 -3.811175628990626230e-02
1.000000000000000000e+00 2.262184721720103653e+00 2.304563207702658545e+00 3.251854681290925697e+00 -2.613691964578263693e+00
1.000000000000000000e+00 4.566747929422762198e+00 9.092862590132346767e-01 4.780816644476230337e+00 9.054012358483175760e+00
1.000000000000000000e+00 3.558387210578330517e+00 1.021802157482478712e-01 4.324558622436089905e+00 9.672493126109745987e+00
1.000000000000000000e+00 1.535860056698880260e+00 1.701201777418392957e+00 5.635889097397263292e+00 7.747992985433556967e+00
1.000000000000000000e+00 3.237061834117273218e+00 4.260244981578424905e-01 2.173210409277267718e+00 1.149491543565045149e+01
1.000000000000000000e+00 2.212352518173648086e+00 1.338636365732566169e-01 1.762080066652087051e+00 -5.027881040280244740e+00
1.000000000000000000e+00 2.346216154746904703e+00 5.402046607762085451e-01 5.962417510791875763e+00 -1.948724317841529086e+01
1.000000000000000000e+00 1.100355988888631842e+00 1.510039839027259578e+00 3.699785651402797804e+00 -1.013667400275128472e+00
1.000000000000000000e+00 2.057240034982723120e+00 5.802467259068500027e-01 3.604789886360210804e+00 1.154993202566537924e+00
1.000000000000000000e+00 1.598810659096256082e+00 3.853825744603218695e+00 1.445622160580083193e+00 -9.543044938077708039e+00
1.000000000000000000e+00 3.967962267770243301e+00 4.275493279522049050e-01 1.638567418176174240e+00 -8.712298387330084104e-01
1.000000000000000000e+00 4.395511595722448206e+00 5.503445973142433445e-01 5.130338151262641588e+00 2.359702962159131889e+00
1.000000000000000000e+00 1.434601440437118569e+00 2.250931268655620432e+00 1.180801902623810573e+00 -7.555045160538302440e+00
1.000000000000000000e+00 3.685532709092739001e+00 2.486728810116565214e-01 2.515641779726642824e+00 -4.301027357908781212e+00
1.000000000000000000e+00 3.934205590104395522e+00 7.929917808172546323e-01 2.315562849554214431e+00 -9.964357294808641186e+00
1.000000000000000000e+00 1.637901513977818801e+00 7.809780150158034395e-01 5.684789115155314043e+00 2.062596037373222835e+00
1.000000000000000000e+00 2.418879528993622241e+00 3.965319529995530168e-01 3.769011203561881462e+00 -1.754241381696003543e+01
1.000000000000000000e+00 2.815411481993175258e+00 1.414174724664830407e+00 2.527621553290117618e+00 -3.824302690776254288e+00
1.000000000000000000e+00 2.780483629489231223e+00 3.152092614475666910e+00 4.002971666803086137e+00 -1.079878925300667092e+01
1.000000000000000000e+00 1.508912363102018706e+00 2.553833328196413177e-01 5.960790074116562920e+00 -3.321117821993763375e+00
1.000000000000000000e+00 1.764295695921660023e+00 4.654929460008805364e-01 5.257124788725478837e+00 -2.821679981523434133e+00
1.000000000000000000e+00 1.803406866297778244e+00 1.294282539587505720e-01 5.652976073219581288e+00 6.865566696772289035e+00
1.000000000000000000e+00 1.932835120256528816e+00 4.926407232127065772e-01 1.581831989427380458e+00 1.273585231668497464e+01
1.000000000000000000e+00 1.866867976473774116e+00 3.616959146658351720e+00 2.903116467382900190e+00 -1.196539897159692956e+01
1.000000000000000000e+00 1.401168728308211042e+00 2.221388219543062092e+00 5.340283450537251397e+00 -1.502680861042302851e+01
1.000000000000000000e+00 3.051984134948307670e+00 2.859908949594724525e+00 4.950152181535306894e+00 -1.077494570330869550e+01
1.000000000000000000e+00 1.560194510840261728e+00 1.429083484388446568e+00 1.404596415256260888e+00 3.312065833420615668e+00
1.000000000000000000e+00 2.989277995228708296e+00 2.858074171148136333e+00 3.014900893825807060e+00 1.487021432597774417e+00
1.000000000000000000e+00 1.854437936950329213e+00 2.488778162671825722e+00 4.204860386726659627e+00 1.069431839925847072e+01
1.000000000000000000e+00 4.343216099622154935e+00 1.303663846015774119e+00 5.112402818171804419e+00 -2.605955986852685591e+00
1.000000000000000000e+00 3.783814465069649025e+00 7.424898227985021748e-02 5.310072411363112366e+00 -1.523930382013320006e+01
1.000000000000000000e+00 2.399895468301420642e+00 2.447569197658263640e+00 3.435309594094679397e+00 5.869362414307762954e+00
1.000000000000000000e+00 1.935218742787616852e+00 6.831774392336014134e-01 4.824049004514977312e+00 -5.766465037959816797e+00
1.000000000000000000e+00 2.618396182021218266e+00 5.087860110608657394e-01 1.874193136302062745e+00 -3.233507250047608750e+00
1.000000000000000000e+00 3.127182193082084005e+00 4.108697003401911019e-01 3.512830382317212230e+00 -9.595588185338142395e+00
1.000000000000000000e+00 1.574184123696017679e+00 2.478916088512145066e+00 2.837672111457657298e+00 -1.056777110839531275e+01
1.000000000000000000e+00 2.443152766201278858e+00 1.463038340911782420e+00 1.129059534747435034e+00 -5.858970807327801289e+00
1.000000000000000000e+00 1.771813576371011667e+00 1.633886932903075628e+00 5.815575557945869001e+00 1.779946110279699667e+01
1.000000000000000000e+00 3.405700509274087295e+00 2.572466534838420138e-01 3.747647679475084814e+00 2.882154851351912406e-01
1.000000000000000000e+00 1.259117684112134539e+00 1.423903706857468476e+00 3.162489391650659787e+00 -3.904335465175972075e-01
1.000000000000000000e+00 1.316874852363838722e+00 4.632926309585887914e+00 3.197558443164550734e+00 4.856718828016031608e+00
1.000000000000000000e+00 2.611769224873614625e+00 2.437603004399560014e+00 4.204131573451030945e+00 -5.228314666348497397e+00
1.000000000000000000e+00 2.273203273818819259e+00 2.134310337300826976e+00 4.097939774489147702e+00 -3.878620858518808490e+01
1.000000000000000000e+00 4.407513611119646235e+00 3.936256883287869712e-01 4.251005461990766676e+00 7.227611189827066518e+00
1.000000000000000000e+00 2.744341332714976378e+00 2.903304388524153179e+00 1.290818977527378841e+00 2.999357861409788217e-01
1.000000000000000000e+00 5.153097038938645902e+00 6.720375143939172347e-01 1.288902804981833183e+00 1.155079348946904005e+01
1.000000000000000000e+00 1.621486117427723528e+00 3.032851258590497423e+00 5.918394626317067697e+00 -7.613152079205408818e+00
1.000000000000000000e+00 4.654337376018220951e+00 1.037364908086968462e+00 2.195900521079628298e+00 -6.084368262861899801e+00
1.000000000000000000e+00 1.332481336833887475e+00 3.373121909616407343e+00 2.516375737837977855e+00 -5.390261493477882304e+00
1.000000000000000000e+00 3.872365565899559492e+00 1.336778317891800683e+00 4.460806708470659743e+00 8.569614236558075859e+00
1.000000000000000000e+00 1.698861883131447481e+00 3.277474676168003587e+00 3.547110640748948551e+00 -1.063384380900887294e+01
1.000000000000000000e+00 1.818279714328522534e+00 3.049275326442169032e-03 4.076097191155054311e+00 -4.349943856106005313e+00
1.000000000000000000e+00 1.821328989654964703e+00 3.251544611501945958e+00 2.531268103933058455e+00 -4.718578065573748148e+00
1.000000000000000000e+00 2.794152420617512345e+00 2.591850283448029035e+00 1.653551883700997482e+00 -1.156732088910154488e+01
1.000000000000000000e+00 2.962225537113177154e+00 2.120771660244708201e+00 3.248923244106612707e+00 -2.209309722548618282e+01
1.000000000000000000e+00 2.884722147124537894e+00 4.286767812234941744e-01 3.070648762644635266e+00 1.041574933752377419e+00
1.000000000000000000e+00 2.506889370820710283e+00 2.231157530060545291e+00 4.668071902807009899e+00 -4.870577313951047316e+00
1.000000000000000000e+00 2.161063475734086303e+00 3.336809390638755701e+00 3.080769990898807542e+00 -2.374955524712509813e-01
1.000000000000000000e+00 2.919456106866057166e+00 7.983081987038858074e-01 1.095961384115283543e+00 -1.662381327365821115e-01
1.000000000000000000e+00 3.717764305569942973e+00 1.814596249252792060e+00 2.299066043725170871e+00 -1.811050062483389844e+00
1.000000000000000000e+00 1.584490203541820463e+00 4.114670414525555486e+00 3.676550657262958488e+00 5.453405115635433731e+00
1.000000000000000000e+00 1.696360363316936404e+00 3.273765583034543791e+00 5.879368774550268739e+00 -3.569867449319409580e+00
1.000000000000000000e+00 3.667305459881607721e+00 1.802157455373180728e+00 3.439270219631812342e+00 1.285468972745331229e+00
1.000000000000000000e+00 1.758374398663755889e+00 8.002359403139853722e-01 3.271886672799804607e+00 8.445621433827097846e+00
1.000000000000000000e+00 2.242445699072328935e+00 2.477285763791055473e+00 1.490412903921222831e+00 1.788711155085643600e+00
1.000000000000000000e+00 1.167662173678897020e+00 2.681786250677685501e+00 1.750243323469921286e+00 -1.148271145583545483e+01
1.000000000000000000e+00 3.849448424356582521e+00 9.628450043468701480e-01 2.623379634450299758e+00 -2.982175979391274989e-01
1.000000000000000000e+00 4.812293428703452669e+00 5.715347551052945008e-01 4.686785386938998599e+00 -4.409660019253424323e+00
1.000000000000000000e+00 2.710408743579537205e+00 2.395877779780527295e+00 2.879441425728846760e+00 1.641159138248525196e+01
1.000000000000000000e+00 1.553158684776036136e+00 3.679102773896554712e+00 3.297233842029933193e+00 6.794820573750008919e-01
1.000000000000000000e+00 1.637443311659912082e+00 1.348993141141924257e+00 5.460423444701172357e+00 7.351350852436466354e+00
1.000000000000000000e+00 2.986436452801836339e+00 2.000040376095931549e+00 5.776673432519641160e+00 -7.933829130402677401e+04
1.000000000000000000e+00 1.749587136743868898e+00 3.966698394193384214e-01 2.577034478740063861e+00 1.082862165641173569e+01
1.000000000000000000e+00 2.146256976163207320e+00 2.465005865802123886e+00 4.440673530432710514e+00 -9.641877879563645948e+00
1.000000000000000000e+00 4.205738164426486847e+00 2.640040579090134898e-01 5.204357897129613164e+00 -5.278470544362720673e+00
1.000000000000000000e+00 2.258995294534763776e+00 4.694846729848332068e-01 3.307387323123670786e+00 6.423160303579482644e+00
1.000000000000000000e+00 1.907988584007128452e+00 3.634264222661013122e+00 4.296769611028913971e+00 -5.422421647036816061e+00
1.000000000000000000e+00 3.004257083818199447e+00 3.057719344024638630e-01 4.069667923800309062e+00 -9.273083432523186787e+00
1.000000000000000000e+00 3.310029018220663311e+00 2.426387679838413192e+00 1.333260202803449701e+00 -1.228029994214240084e+01
1.000000000000000000e+00 1.766757015580401102e+00 2.164392144503584969e+00 1.750845004085208156e+00 1.846193094951209090e+00
1.000000000000000000e+00 3.529443394422330016e+00 5.278277827509088027e-01 3.561109604063372291e+00 7.183378783577318849e-01
1.000000000000000000e+00 1.090550919104202432e+00 4.270068625616554314e+00 1.208364503011921443e+00 -6.489679226184134286e+00
1.000000000000000000e+00 5.360619544720757190e+00 2.999718676973044396e-01 1.423960080229015990e+00 -2.020162423765280657e+00
1.000000000000000000e+00 3.825665917946044825e+00 6.575882014384162311e-01 1.360421679993366828e+00 6.791083357419395838e+00
1.000000000000000000e+00 4.483254119384461056e+00 1.129242786502017815e+00 1.356283638826293103e+00 -2.082677758448097105e+00
1.000000000000000000e+00 1.762695214571306845e+00 2.118746586262759024e+00 4.687541797295034840e+00 -5.102562973975425109e+01
1.000000000000000000e+00 3.881441800834065869e+00 1.521334310802138212e-01 2.766257042510321007e+00 2.444534262364959076e+00
1.000000000000000000e+00 3.120653356511930099e+00 1.561567821611683726e+00 2.748516148729247988e+00 1.256824348318916051e+01
1.000000000000000000e+00 4.682221178123613825e+00 9.896138957214599685e-01 4.873267655905909379e+00 1.025635705021809407e+01
1.000000000000000000e+00 1.566190229203776152e+00 4.358015765607897052e+00 1.491978248566986576e+00 -5.984391133293136988e+00
1.000000000000000000e+00 1.623313406016334337e+00 3.980896007070527265e+00 2.325232141625019899e+00 8.169446200871462338e+00
1.000000000000000000e+00 3.594190285630360471e+00 3.621868930942859777e-01 5.839300174225152240e+00 1.182574120586187494e+00
1.000000000000000000e+00 1.273808194110156666e+00 1.402178014119348060e+00 4.123317844271318755e+00 1.659320486430570085e+01
1.000000000000000000e+00 2.675986208229504726e+00 2.338281034760552046e+00 2.909698198264479618e+00 -1.436399293507615305e+00
1.000000000000000000e+00 1.023160115023014294e+00 1.644335743432706609e+00 1.606932090797032142e+00 -6.458622215642049191e+00
1.000000000000000000e+00 2.667495858455720903e+00 3.233476094989957694e-01 4.075064840194333016e+00 1.384234797864750988e+01
1.000000000000000000e+00 2.990843467954716672e+00 6.961345467348976079e-01 4.873168903188940249e+00 1.160527864816371935e+00
1.000000000000000000e+00 3.686978014689614280e+00 1.912300067374188561e+00 4.219521267705653500e+00 2.542612543992904506e+01
1.000000000000000000e+00 2.731729971829806480e+00 3.036037651332090803e-03 1.209756117158181432e+00 -1.120345629176203950e+01
1.000000000000000000e+00 2.734766009481138571e+00 1.952740231067603194e+00 5.842443887971919381e+00 7.722805503629106738e+01
1.000000000000000000e+00 2.123024114699910037e+00 1.139173465963557064e+00 5.899851646794253668e+00 1.218444197984547550e+01
1.000000000000000000e+00 1.704285101898999288e+00 1.776498306321172560e-01 3.912113291036232177e+00 1.515685468885213538e+01
1.000000000000000000e+00 1.881934932531116544e+00 1.609903931166281943e+00 4.740365897147660768e+00 2.021079626123621154e+01
1.000000000000000000e+00 3.094627247522739655e+00 2.479602257817760336e+00 4.282393036657513363e+00 -1.279137695095568183e+00
1.000000000000000000e+00 2.811969495583165557e+00 1.090972255807051816e+00 2.691337529972491982e+00 -1.173659485855834284e+01
1.000000000000000000e+00 3.902941751390217373e+00 2.583796882074342882e-01 5.640418201630248873e+00 5.937073958266365636e-01
1.000000000000000000e+00 1.065472282941668070e+00 3.252214577141884888e+00 2.860835119187566722e+00 -1.046551962627601640e+01
1.000000000000000000e+00 1.890179834348757026e+00 3.915171752998518606e+00 3.197024948472261041e+00 -8.015592969976688131e-01
1.000000000000000000e+00 1.743313638765564777e+00 1.329806979869553762e+00 5.715379188723537673e+00 -4.532538586568955807e+00
1.000000000000000000e+00 1.426748340393219294e+00 4.557622918836517378e+00 1.607506881504590313e+00 -3.299947578231287704e+00
1.000000000000000000e+00 3.510975051656212820e+00 4.659500349440062195e-01 5.434624501046347866e+00 -4.809719903864597690e+00
1.000000000000000000e+00 1.335382386942137511e+00 3.414419965053751671e+00 2.429533946195800542e+00 -8.019238165117183570e+00
1.000000000000000000e+00 2.049527965477929037e+00 3.440743481725639263e+00 5.306849981817180151e+00 -9.366188690364214864e+00
1.000000000000000000e+00 1.182748339240474511e+00 2.177586386309521505e+00 4.775209643731391118e+00 -4.184771828335304633e+01
1.000000000000000000e+00 3.360334725549996016e+00 4.638709407630861037e-01 3.302697486370699931e+00 2.003449004236934172e+00
1.000000000000000000e+00 1.328543197141761834e+00 3.549094886333290955e+00 4.642453385808066102e+00 -2.693753770457623631e+01
1.000000000000000000e+00 3.266444173740138179e+00 3.555071728977621248e-01 4.280809188405357624e+00 -2.001411357129505220e+01
1.000000000000000000e+00 3.003815304376630024e+00 7.943863521644596304e-01 5.923348697622540904e+00 -1.687007149689270902e+00
1.000000000000000000e+00 1.776201229653562530e+00 1.334394228227930856e-01 1.215868678985058349e+00 -1.853437797078770988e+00
1.000000000000000000e+00 1.909640652476355616e+00 3.399287452591230885e+00 1.824074078647185626e+00 -2.981117548326672750e-01
1.000000000000000000e+00 5.308928105067586500e+00 4.216492056005769484e-01 1.658643867272809658e+00 -6.098751519235258378e+00
1.000000000000000000e+00 2.353723365717768967e+00 1.866274350477309607e+00 2.067556831553359675e+00 1.025009002469463404e+01
1.000000000000000000e+00 1.126931778301724307e+00 6.538312085292274922e-01 4.664007723831252505e+00 2.734662987875865703e+00
1.000000000000000000e+00 1.780762986830951800e+00 2.799098157406036069e+00 3.711186027459241643e+00 -1.195641121203703960e+01
1.000000000000000000e+00 1.135479962517417452e+00 9.743808471473296429e-01 2.487742256594102752e+00 1.010282309749673679e+01
1.000000000000000000e+00 2.109860809664747094e+00 4.551317327560999715e-02 3.825109964295080545e+00 8.746593918873710738e-01
1.000000000000000000e+00 2.155373982940357092e+00 2.204089735053285093e+00 4.444426510250453433e+00 -1.380709361716236039e+01
1.000000000000000000e+00 1.098552688771820662e+00 4.219902211510486723e-01 4.181456769896239933e+00 -7.845191969406640764e-01
1.000000000000000000e+00 1.520542909922869335e+00 3.479037516943077613e+00 4.805607685215790070e+00 1.137984852131583047e+01
1.000000000000000000e+00 1.892723310271668069e+00 2.371007228987705773e+00 3.307787372098949241e+00 -4.234080916979623410e+00
1.000000000000000000e+00 1.497206963796725798e+00 7.186539912005445174e-01 4.632308575565024178e+00 -2.549359849245404153e+00
1.000000000000000000e+00 2.215860954997270316e+00 2.395473704281025018e+00 5.959049756746817472e+00 -6.569194225763843598e+00
1.000000000000000000e+00 4.611334659278295334e+00 6.671476812531338396e-01 1.495890497936079644e+00 -1.333861635384084288e+01
1.000000000000000000e+00 2.985917648092274224e+00 1.354508034760956381e+00 2.020178173144494327e+00 2.178631086956293039e+00
1.000000000000000000e+00 2.024921477079105081e+00 4.408171742259612280e-01 4.665356480148373564e+00 1.805600082396933148e+00
1.000000000000000000e+00 2.465738651305066309e+00 3.015940441300532182e+00 4.079927251300895286e+00 -2.879857160597635080e+00
1.000000000000000000e+00 1.065009617553680066e+00 3.625330367186603286e-01 2.776922843428696996e+00 -3.661056768268543316e+00
1.000000000000000000e+00 1.427542654272340394e+00 6.118886214577961002e-01 4.918958922426986291e+00 -9.592560068584997879e+00
1.000000000000000000e+00 1.132661019369098465e+00 7.745161560798881073e-01 1.026148067714563794e+00 -6.010814552682772316e+00
1.000000000000000000e+00 1.907177175448986572e+00 2.008030629399474520e+00 4.804953800140468800e+00 -5.198363247432118897e+02
1.000000000000000000e+00 3.107122752962489631e+00 2.356235802422384840e+00 4.728668913656160377e+00 -1.740534313363165353e+01
1.000000000000000000e+00 2.297117167156462525e+00 6.013448736798721050e-01 2.634658081690395726e+00 1.414668035013788838e+01
1.000000000000000000e+00 2.898462040836334630e+00 1.053012671737703965e+00 1.744440251662223496e+00 -2.116492149752936314e+01
1.000000000000000000e+00 2.340318204114381295e+00 1.780426335131289228e+00 5.383253809141002932e+00 1.285178987395752870e+01
1.000000000000000000e+00 3.047058260956202247e+00 7.131776433036991492e-01 2.841547652534241575e+00 1.344992732495617016e+00
1.000000000000000000e+00 2.472328797709588244e+00 3.269937737101194841e+00 5.430978902325372282e+00 -3.568033547260363036e-01
1.000000000000000000e+00 1.700565878832262623e+00 3.641774000657301169e+00 3.063109204243118722e+00 -1.071409600295242903e+01
1.000000000000000000e+00 3.437155991247568210e+00 2.035605143222888991e+00 1.016091318021393519e+00 -4.624486018800979537e+00
1.000000000000000000e+00 1.112346541600587102e+00 1.231040255324143295e+00 1.464953199115660798e+00 -9.690562257655454204e+00
1.000000000000000000e+00 2.343386796924730398e+00 1.364784276379604311e+00 3.941011334741952421e+00 -1.619302803825894532e+00
1.000000000000000000e+00 3.708171073304334708e+00 4.592200258264012014e-01 3.404864449430618834e+00 4.779815251516880359e+00
1.000000000000000000e+00 1.696780370364120660e+00 3.477870813632374603e+00 3.899918937140656183e+00 4.244265117161597267e+00
1.000000000000000000e+00 5.174651183996495263e+00 7.473597195212651201e-01 3.807422939797618699e+00 -1.118197601545288045e+01
1.000000000000000000e+00 1.858396429241517378e+00 5.031402033553273867e-01 4.382339686131810907e+00 2.091606665853753455e+01
1.000000000000000000e+00 1.091953382737333555e+00 4.479540650065161778e+00 2.349103600641071488e+00 -1.042934717813091439e+01
1.000000000000000000e+00 1.588755414450705672e+00 2.293826963120562112e+00 3.491278411317268127e+00 -2.486785800910266886e+01
1.000000000000000000e+00 2.370276103436030013e+00 1.400613909142936819e+00 1.292754646219895998e+00 5.207755355565264921e+00
1.000000000000000000e+00 3.770890012578966832e+00 4.862119291803539411e-01 2.671191593480303883e+00 -3.120443894411014885e+00
1.000000000000000000e+00 4.257101941759320773e+00 8.916070767766877125e-01 4.924484885557337321e+00 -3.293433985684791399e+00
1.000000000000000000e+00 1.054979143292402277e+00 6.294490070516340907e-01 3.586345282208046825e+00 6.214816249345903820e+00
1.000000000000000000e+00 1.684428150344036368e+00 3.815665058896488659e+00 3.200994989777452560e+00 -1.573279670456826018e+01
1.000000000000000000e+00 3.987065510851541372e+00 1.551879131672562195e-02 3.170096830869376436e+00 -1.426091223072445757e+01
1.000000000000000000e+00 4.002584302168266994e+00 3.225990705630108479e-01 1.443002148398086160e+00 -5.041411634374735939e+00
1.000000000000000000e+00 1.876856393117247945e+00 3.695203336507550951e+00 3.991126470318694164e+00 5.187744605157388555e+00
1.000000000000000000e+00 2.915692641247487060e+00 6.788958851667006300e-01 5.665566656717788696e+00 -3.716851519941032134e+00
1.000000000000000000e+00 1.234829833875275229e+00 5.965870099051218123e-01 3.106240266470360112e+00 1.223936553594207233e+01
1.000000000000000000e+00 1.831416843780397041e+00 2.858751238351455282e+00 4.180886823541163366e+00 3.737081402675420883e+00
1.000000000000000000e+00 1.413993339625632339e+00 2.601767207706308760e+00 1.591680954616936594e+00 -1.632018191751037683e+00
1.000000000000000000e+00 2.226745548406604769e+00 7.197325218032779581e-01 5.199011428178086369e+00 3.904620111366245538e+00
1.000000000000000000e+00 2.443468683853499357e+00 3.348948984712460941e-01 3.859361356135932564e+00 1.769906738520056422e+00
1.000000000000000000e+00 2.778363582324745451e+00 1.816865943596481792e+00 3.938846804310990990e+00 1.300075054872731428e+01
1.000000000000000000e+00 2.485608578115875211e+00 1.346414623368610730e+00 2.811177208261441685e+00 -1.053124927659729204e+00
1.000000000000000000e+00 3.380252010995498324e+00 9.381038158177421593e-01 1.130983542660323860e+00 -1.808294543236626639e+00
1.000000000000000000e+00 4.318355826813240483e+00 1.365792869810549703e+00 1.120958819456776112e+00 -8.334289611547308851e+00
1.000000000000000000e+00 1.155915675306423474e+00 1.155404546192702053e+00 2.493627867943865262e+00 -1.569209952608025915e+01
1.000000000000000000e+00 2.311320221499125527e+00 1.664069432002148741e+00 5.703396225576702783e+00 1.928493852298085542e+01
1.000000000000000000e+00 1.257129067421251634e+00 2.224702168584930195e+00 3.148284063694675616e+00 -1.907906986737034671e+01
1.000000000000000000e+00 3.481831236006181829e+00 5.023830085782643451e-01 5.363651252423009552e+00 -5.036898898579020845e-01
1.000000000000000000e+00 2.671219454084804212e+00 2.183341564644305066e+00 1.930507089231386697e+00 -3.800733543838420658e+00
1.000000000000000000e+00 1.375688908679043809e+00 3.265254872338972714e+00 3.414844360426775971e+00 -1.195028327102647125e+01
1.000000000000000000e+00 3.477456581030992311e+00 9.645554011076882261e-01 1.403007568785623160e+00 -7.919124212360322268e+00
1.000000000000000000e+00 2.232010166195534051e+00 2.863501422175464217e+00 3.184253513075897768e+00 -6.159873018957930491e+00
1.000000000000000000e+00 2.360725686149813374e+00 1.590427648195622101e+00 4.051125747388206300e+00 1.682952131443075316e+01
1.000000000000000000e+00 1.457910366633170751e+00 4.128657510678043430e+00 4.284775781335697253e+00 -1.410900863499752234e+01
1.000000000000000000e+00 1.684093154594807018e+00 4.067093614509205146e+00 1.344790081782105906e+00 -2.285694209181939840e+01
1.000000000000000000e+00 1.925664644193098241e+00 3.827906887856482143e+00 2.308528418679530070e+00 -6.279650403992807384e+00
